# 09_12_2020_18_11_50_G6_64_Spalt_3_1851
# Messung der Beugung an Spalten und Gittern
# 6.4_Spalt_3
# position(Nr) position(mm) Messwerte(V)
0,0000	0,0000	0,0477
1,0000	0,0626	0,0441
2,0000	0,1253	0,0439
3,0000	0,1879	0,0441
4,0000	0,2506	0,0445
5,0000	0,3132	0,0441
6,0000	0,3758	0,0445
7,0000	0,4385	0,0464
8,0000	0,5011	0,0484
9,0000	0,5637	0,0497
10,0000	0,6264	0,0511
11,0000	0,6890	0,0513
12,0000	0,7517	0,0511
13,0000	0,8143	0,0512
14,0000	0,8769	0,0509
15,0000	0,9396	0,0512
16,0000	1,0022	0,0517
17,0000	1,0649	0,0511
18,0000	1,1275	0,0513
19,0000	1,1901	0,0516
20,0000	1,2528	0,0518
21,0000	1,3154	0,0517
22,0000	1,3780	0,0513
23,0000	1,4407	0,0507
24,0000	1,5033	0,0512
25,0000	1,5660	0,0516
26,0000	1,6286	0,0515
27,0000	1,6912	0,0515
28,0000	1,7539	0,0513
29,0000	1,8165	0,0517
30,0000	1,8792	0,0515
31,0000	1,9418	0,0512
32,0000	2,0044	0,0513
33,0000	2,0671	0,0509
34,0000	2,1297	0,0516
35,0000	2,1923	0,0512
36,0000	2,2550	0,0513
37,0000	2,3176	0,0509
38,0000	2,3803	0,0504
39,0000	2,4429	0,0517
40,0000	2,5055	0,0516
41,0000	2,5682	0,0513
42,0000	2,6308	0,0511
43,0000	2,6934	0,0515
44,0000	2,7561	0,0517
45,0000	2,8187	0,0518
46,0000	2,8814	0,0516
47,0000	2,9440	0,0512
48,0000	3,0066	0,0515
49,0000	3,0693	0,0516
50,0000	3,1319	0,0513
51,0000	3,1946	0,0513
52,0000	3,2572	0,0513
53,0000	3,3198	0,0511
54,0000	3,3825	0,0517
55,0000	3,4451	0,0529
56,0000	3,5077	0,0525
57,0000	3,5704	0,0527
58,0000	3,6330	0,0526
59,0000	3,6957	0,0527
60,0000	3,7583	0,0533
61,0000	3,8209	0,0522
62,0000	3,8836	0,0529
63,0000	3,9462	0,0526
64,0000	4,0089	0,0521
65,0000	4,0715	0,0521
66,0000	4,1341	0,0520
67,0000	4,1968	0,0520
68,0000	4,2594	0,0516
69,0000	4,3220	0,0517
70,0000	4,3847	0,0521
71,0000	4,4473	0,0520
72,0000	4,5100	0,0518
73,0000	4,5726	0,0520
74,0000	4,6352	0,0520
75,0000	4,6979	0,0517
76,0000	4,7605	0,0520
77,0000	4,8232	0,0515
78,0000	4,8858	0,0511
79,0000	4,9484	0,0512
80,0000	5,0111	0,0509
81,0000	5,0737	0,0509
82,0000	5,1363	0,0503
83,0000	5,1990	0,0511
84,0000	5,2616	0,0515
85,0000	5,3243	0,0516
86,0000	5,3869	0,0513
87,0000	5,4495	0,0512
88,0000	5,5122	0,0516
89,0000	5,5748	0,0507
90,0000	5,6375	0,0511
91,0000	5,7001	0,0511
92,0000	5,7627	0,0513
93,0000	5,8254	0,0511
94,0000	5,8880	0,0511
95,0000	5,9506	0,0509
96,0000	6,0133	0,0515
97,0000	6,0759	0,0516
98,0000	6,1386	0,0516
99,0000	6,2012	0,0517
100,0000	6,2638	0,0522
101,0000	6,3265	0,0521
102,0000	6,3891	0,0526
103,0000	6,4518	0,0522
104,0000	6,5144	0,0521
105,0000	6,5770	0,0517
106,0000	6,6397	0,0517
107,0000	6,7023	0,0518
108,0000	6,7649	0,0517
109,0000	6,8276	0,0516
110,0000	6,8902	0,0509
111,0000	6,9529	0,0512
112,0000	7,0155	0,0509
113,0000	7,0781	0,0509
114,0000	7,1408	0,0513
115,0000	7,2034	0,0517
116,0000	7,2661	0,0512
117,0000	7,3287	0,0509
118,0000	7,3913	0,0515
119,0000	7,4540	0,0517
120,0000	7,5166	0,0512
121,0000	7,5792	0,0509
122,0000	7,6419	0,0509
123,0000	7,7045	0,0515
124,0000	7,7672	0,0512
125,0000	7,8298	0,0508
126,0000	7,8924	0,0513
127,0000	7,9551	0,0506
128,0000	8,0177	0,0507
129,0000	8,0803	0,0512
130,0000	8,1430	0,0511
131,0000	8,2056	0,0511
132,0000	8,2683	0,0512
133,0000	8,3309	0,0513
134,0000	8,3935	0,0515
135,0000	8,4562	0,0515
136,0000	8,5188	0,0512
137,0000	8,5815	0,0511
138,0000	8,6441	0,0508
139,0000	8,7067	0,0517
140,0000	8,7694	0,0516
141,0000	8,8320	0,0513
142,0000	8,8946	0,0518
143,0000	8,9573	0,0511
144,0000	9,0199	0,0516
145,0000	9,0826	0,0513
146,0000	9,1452	0,0513
147,0000	9,2078	0,0516
148,0000	9,2705	0,0512
149,0000	9,3331	0,0511
150,0000	9,3958	0,0513
151,0000	9,4584	0,0512
152,0000	9,5210	0,0513
153,0000	9,5837	0,0511
154,0000	9,6463	0,0517
155,0000	9,7089	0,0518
156,0000	9,7716	0,0517
157,0000	9,8342	0,0518
158,0000	9,8969	0,0512
159,0000	9,9595	0,0512
160,0000	10,0221	0,0513
161,0000	10,0848	0,0506
162,0000	10,1474	0,0509
163,0000	10,2101	0,0508
164,0000	10,2727	0,0509
165,0000	10,3353	0,0508
166,0000	10,3980	0,0513
167,0000	10,4606	0,0509
168,0000	10,5232	0,0512
169,0000	10,5859	0,0506
170,0000	10,6485	0,0509
171,0000	10,7112	0,0509
172,0000	10,7738	0,0507
173,0000	10,8364	0,0513
174,0000	10,8991	0,0515
175,0000	10,9617	0,0511
176,0000	11,0244	0,0512
177,0000	11,0870	0,0513
178,0000	11,1496	0,0515
179,0000	11,2123	0,0513
180,0000	11,2749	0,0511
181,0000	11,3375	0,0516
182,0000	11,4002	0,0512
183,0000	11,4628	0,0513
184,0000	11,5255	0,0509
185,0000	11,5881	0,0513
186,0000	11,6507	0,0517
187,0000	11,7134	0,0516
188,0000	11,7760	0,0521
189,0000	11,8387	0,0522
190,0000	11,9013	0,0526
191,0000	11,9639	0,0522
192,0000	12,0266	0,0533
193,0000	12,0892	0,0536
194,0000	12,1518	0,0531
195,0000	12,2145	0,0539
196,0000	12,2771	0,0535
197,0000	12,3398	0,0531
198,0000	12,4024	0,0530
199,0000	12,4650	0,0529
200,0000	12,5277	0,0521
201,0000	12,5903	0,0525
202,0000	12,6530	0,0525
203,0000	12,7156	0,0518
204,0000	12,7782	0,0520
205,0000	12,8409	0,0517
206,0000	12,9035	0,0522
207,0000	12,9661	0,0522
208,0000	13,0288	0,0521
209,0000	13,0914	0,0524
210,0000	13,1541	0,0526
211,0000	13,2167	0,0522
212,0000	13,2793	0,0520
213,0000	13,3420	0,0518
214,0000	13,4046	0,0516
215,0000	13,4672	0,0509
216,0000	13,5299	0,0508
217,0000	13,5925	0,0516
218,0000	13,6552	0,0512
219,0000	13,7178	0,0516
220,0000	13,7804	0,0513
221,0000	13,8431	0,0518
222,0000	13,9057	0,0525
223,0000	13,9684	0,0518
224,0000	14,0310	0,0516
225,0000	14,0936	0,0521
226,0000	14,1563	0,0515
227,0000	14,2189	0,0517
228,0000	14,2815	0,0517
229,0000	14,3442	0,0515
230,0000	14,4068	0,0515
231,0000	14,4695	0,0515
232,0000	14,5321	0,0520
233,0000	14,5947	0,0520
234,0000	14,6574	0,0522
235,0000	14,7200	0,0529
236,0000	14,7827	0,0535
237,0000	14,8453	0,0536
238,0000	14,9079	0,0544
239,0000	14,9706	0,0540
240,0000	15,0332	0,0540
241,0000	15,0958	0,0535
242,0000	15,1585	0,0525
243,0000	15,2211	0,0524
244,0000	15,2838	0,0524
245,0000	15,3464	0,0516
246,0000	15,4090	0,0516
247,0000	15,4717	0,0517
248,0000	15,5343	0,0515
249,0000	15,5970	0,0515
250,0000	15,6596	0,0520
251,0000	15,7222	0,0522
252,0000	15,7849	0,0525
253,0000	15,8475	0,0517
254,0000	15,9101	0,0518
255,0000	15,9728	0,0520
256,0000	16,0354	0,0520
257,0000	16,0981	0,0518
258,0000	16,1607	0,0516
259,0000	16,2233	0,0516
260,0000	16,2860	0,0516
261,0000	16,3486	0,0516
262,0000	16,4113	0,0513
263,0000	16,4739	0,0509
264,0000	16,5365	0,0513
265,0000	16,5992	0,0516
266,0000	16,6618	0,0509
267,0000	16,7244	0,0513
268,0000	16,7871	0,0511
269,0000	16,8497	0,0511
270,0000	16,9124	0,0511
271,0000	16,9750	0,0509
272,0000	17,0376	0,0512
273,0000	17,1003	0,0509
274,0000	17,1629	0,0509
275,0000	17,2256	0,0509
276,0000	17,2882	0,0515
277,0000	17,3508	0,0516
278,0000	17,4135	0,0511
279,0000	17,4761	0,0515
280,0000	17,5387	0,0515
281,0000	17,6014	0,0515
282,0000	17,6640	0,0513
283,0000	17,7267	0,0515
284,0000	17,7893	0,0517
285,0000	17,8519	0,0516
286,0000	17,9146	0,0516
287,0000	17,9772	0,0513
288,0000	18,0399	0,0512
289,0000	18,1025	0,0512
290,0000	18,1651	0,0506
291,0000	18,2278	0,0512
292,0000	18,2904	0,0513
293,0000	18,3530	0,0512
294,0000	18,4157	0,0511
295,0000	18,4783	0,0516
296,0000	18,5410	0,0508
297,0000	18,6036	0,0513
298,0000	18,6662	0,0509
299,0000	18,7289	0,0508
300,0000	18,7915	0,0512
301,0000	18,8541	0,0513
302,0000	18,9168	0,0513
303,0000	18,9794	0,0513
304,0000	19,0421	0,0509
305,0000	19,1047	0,0509
306,0000	19,1673	0,0508
307,0000	19,2300	0,0513
308,0000	19,2926	0,0512
309,0000	19,3553	0,0512
310,0000	19,4179	0,0513
311,0000	19,4805	0,0516
312,0000	19,5432	0,0516
313,0000	19,6058	0,0512
314,0000	19,6684	0,0513
315,0000	19,7311	0,0513
316,0000	19,7937	0,0513
317,0000	19,8564	0,0515
318,0000	19,9190	0,0509
319,0000	19,9816	0,0509
320,0000	20,0443	0,0516
321,0000	20,1069	0,0516
322,0000	20,1696	0,0518
323,0000	20,2322	0,0522
324,0000	20,2948	0,0527
325,0000	20,3575	0,0526
326,0000	20,4201	0,0530
327,0000	20,4827	0,0539
328,0000	20,5454	0,0542
329,0000	20,6080	0,0540
330,0000	20,6707	0,0540
331,0000	20,7333	0,0543
332,0000	20,7959	0,0539
333,0000	20,8586	0,0529
334,0000	20,9212	0,0533
335,0000	20,9839	0,0529
336,0000	21,0465	0,0522
337,0000	21,1091	0,0522
338,0000	21,1718	0,0515
339,0000	21,2344	0,0511
340,0000	21,2970	0,0517
341,0000	21,3597	0,0515
342,0000	21,4223	0,0512
343,0000	21,4850	0,0515
344,0000	21,5476	0,0518
345,0000	21,6102	0,0513
346,0000	21,6729	0,0515
347,0000	21,7355	0,0513
348,0000	21,7982	0,0511
349,0000	21,8608	0,0508
350,0000	21,9234	0,0506
351,0000	21,9861	0,0513
352,0000	22,0487	0,0511
353,0000	22,1113	0,0518
354,0000	22,1740	0,0518
355,0000	22,2366	0,0515
356,0000	22,2993	0,0518
357,0000	22,3619	0,0520
358,0000	22,4245	0,0518
359,0000	22,4872	0,0515
360,0000	22,5498	0,0512
361,0000	22,6125	0,0511
362,0000	22,6751	0,0517
363,0000	22,7377	0,0512
364,0000	22,8004	0,0517
365,0000	22,8630	0,0518
366,0000	22,9256	0,0527
367,0000	22,9883	0,0536
368,0000	23,0509	0,0543
369,0000	23,1136	0,0554
370,0000	23,1762	0,0562
371,0000	23,2388	0,0575
372,0000	23,3015	0,0574
373,0000	23,3641	0,0578
374,0000	23,4268	0,0573
375,0000	23,4894	0,0570
376,0000	23,5520	0,0562
377,0000	23,6147	0,0556
378,0000	23,6773	0,0545
379,0000	23,7399	0,0536
380,0000	23,8026	0,0526
381,0000	23,8652	0,0526
382,0000	23,9279	0,0517
383,0000	23,9905	0,0518
384,0000	24,0531	0,0517
385,0000	24,1158	0,0515
386,0000	24,1784	0,0526
387,0000	24,2410	0,0525
388,0000	24,3037	0,0527
389,0000	24,3663	0,0526
390,0000	24,4290	0,0525
391,0000	24,4916	0,0521
392,0000	24,5542	0,0517
393,0000	24,6169	0,0513
394,0000	24,6795	0,0516
395,0000	24,7422	0,0511
396,0000	24,8048	0,0509
397,0000	24,8674	0,0511
398,0000	24,9301	0,0513
399,0000	24,9927	0,0516
400,0000	25,0553	0,0520
401,0000	25,1180	0,0517
402,0000	25,1806	0,0518
403,0000	25,2433	0,0520
404,0000	25,3059	0,0516
405,0000	25,3685	0,0515
406,0000	25,4312	0,0512
407,0000	25,4938	0,0515
408,0000	25,5565	0,0511
409,0000	25,6191	0,0517
410,0000	25,6817	0,0513
411,0000	25,7444	0,0517
412,0000	25,8070	0,0520
413,0000	25,8696	0,0526
414,0000	25,9323	0,0529
415,0000	25,9949	0,0530
416,0000	26,0576	0,0530
417,0000	26,1202	0,0531
418,0000	26,1828	0,0533
419,0000	26,2455	0,0529
420,0000	26,3081	0,0527
421,0000	26,3708	0,0517
422,0000	26,4334	0,0522
423,0000	26,4960	0,0508
424,0000	26,5587	0,0511
425,0000	26,6213	0,0512
426,0000	26,6839	0,0508
427,0000	26,7466	0,0516
428,0000	26,8092	0,0509
429,0000	26,8719	0,0515
430,0000	26,9345	0,0516
431,0000	26,9971	0,0512
432,0000	27,0598	0,0518
433,0000	27,1224	0,0509
434,0000	27,1851	0,0512
435,0000	27,2477	0,0508
436,0000	27,3103	0,0513
437,0000	27,3730	0,0518
438,0000	27,4356	0,0512
439,0000	27,4982	0,0513
440,0000	27,5609	0,0513
441,0000	27,6235	0,0515
442,0000	27,6862	0,0517
443,0000	27,7488	0,0512
444,0000	27,8114	0,0511
445,0000	27,8741	0,0517
446,0000	27,9367	0,0515
447,0000	27,9994	0,0515
448,0000	28,0620	0,0509
449,0000	28,1246	0,0516
450,0000	28,1873	0,0509
451,0000	28,2499	0,0507
452,0000	28,3125	0,0506
453,0000	28,3752	0,0513
454,0000	28,4378	0,0512
455,0000	28,5005	0,0515
456,0000	28,5631	0,0513
457,0000	28,6257	0,0521
458,0000	28,6884	0,0524
459,0000	28,7510	0,0520
460,0000	28,8137	0,0520
461,0000	28,8763	0,0529
462,0000	28,9389	0,0527
463,0000	29,0016	0,0530
464,0000	29,0642	0,0533
465,0000	29,1268	0,0531
466,0000	29,1895	0,0525
467,0000	29,2521	0,0530
468,0000	29,3148	0,0522
469,0000	29,3774	0,0527
470,0000	29,4400	0,0529
471,0000	29,5027	0,0520
472,0000	29,5653	0,0516
473,0000	29,6279	0,0518
474,0000	29,6906	0,0512
475,0000	29,7532	0,0513
476,0000	29,8159	0,0513
477,0000	29,8785	0,0512
478,0000	29,9411	0,0513
479,0000	30,0038	0,0511
480,0000	30,0664	0,0509
481,0000	30,1291	0,0508
482,0000	30,1917	0,0507
483,0000	30,2543	0,0509
484,0000	30,3170	0,0516
485,0000	30,3796	0,0516
486,0000	30,4422	0,0512
487,0000	30,5049	0,0516
488,0000	30,5675	0,0517
489,0000	30,6302	0,0518
490,0000	30,6928	0,0522
491,0000	30,7554	0,0513
492,0000	30,8181	0,0516
493,0000	30,8807	0,0513
494,0000	30,9434	0,0509
495,0000	31,0060	0,0513
496,0000	31,0686	0,0516
497,0000	31,1313	0,0516
498,0000	31,1939	0,0525
499,0000	31,2565	0,0531
500,0000	31,3192	0,0545
501,0000	31,3818	0,0560
502,0000	31,4445	0,0579
503,0000	31,5071	0,0585
504,0000	31,5697	0,0607
505,0000	31,6324	0,0627
506,0000	31,6950	0,0633
507,0000	31,7577	0,0633
508,0000	31,8203	0,0630
509,0000	31,8829	0,0620
510,0000	31,9456	0,0606
511,0000	32,0082	0,0588
512,0000	32,0708	0,0574
513,0000	32,1335	0,0554
514,0000	32,1961	0,0542
515,0000	32,2588	0,0533
516,0000	32,3214	0,0520
517,0000	32,3840	0,0521
518,0000	32,4467	0,0520
519,0000	32,5093	0,0517
520,0000	32,5720	0,0521
521,0000	32,6346	0,0516
522,0000	32,6972	0,0520
523,0000	32,7599	0,0518
524,0000	32,8225	0,0520
525,0000	32,8851	0,0518
526,0000	32,9478	0,0517
527,0000	33,0104	0,0513
528,0000	33,0731	0,0511
529,0000	33,1357	0,0512
530,0000	33,1983	0,0515
531,0000	33,2610	0,0513
532,0000	33,3236	0,0525
533,0000	33,3863	0,0525
534,0000	33,4489	0,0529
535,0000	33,5115	0,0527
536,0000	33,5742	0,0524
537,0000	33,6368	0,0524
538,0000	33,6994	0,0517
539,0000	33,7621	0,0517
540,0000	33,8247	0,0512
541,0000	33,8874	0,0513
542,0000	33,9500	0,0509
543,0000	34,0126	0,0524
544,0000	34,0753	0,0524
545,0000	34,1379	0,0542
546,0000	34,2006	0,0548
547,0000	34,2632	0,0567
548,0000	34,3258	0,0583
549,0000	34,3885	0,0593
550,0000	34,4511	0,0600
551,0000	34,5137	0,0602
552,0000	34,5764	0,0602
553,0000	34,6390	0,0589
554,0000	34,7017	0,0571
555,0000	34,7643	0,0566
556,0000	34,8269	0,0553
557,0000	34,8896	0,0538
558,0000	34,9522	0,0521
559,0000	35,0148	0,0520
560,0000	35,0775	0,0515
561,0000	35,1401	0,0506
562,0000	35,2028	0,0513
563,0000	35,2654	0,0518
564,0000	35,3280	0,0515
565,0000	35,3907	0,0520
566,0000	35,4533	0,0525
567,0000	35,5160	0,0518
568,0000	35,5786	0,0521
569,0000	35,6412	0,0521
570,0000	35,7039	0,0521
571,0000	35,7665	0,0513
572,0000	35,8291	0,0522
573,0000	35,8918	0,0516
574,0000	35,9544	0,0515
575,0000	36,0171	0,0516
576,0000	36,0797	0,0516
577,0000	36,1423	0,0515
578,0000	36,2050	0,0517
579,0000	36,2676	0,0515
580,0000	36,3303	0,0517
581,0000	36,3929	0,0516
582,0000	36,4555	0,0515
583,0000	36,5182	0,0517
584,0000	36,5808	0,0513
585,0000	36,6434	0,0508
586,0000	36,7061	0,0512
587,0000	36,7687	0,0513
588,0000	36,8314	0,0515
589,0000	36,8940	0,0508
590,0000	36,9566	0,0509
591,0000	37,0193	0,0516
592,0000	37,0819	0,0513
593,0000	37,1446	0,0509
594,0000	37,2072	0,0512
595,0000	37,2698	0,0517
596,0000	37,3325	0,0511
597,0000	37,3951	0,0513
598,0000	37,4577	0,0517
599,0000	37,5204	0,0516
600,0000	37,5830	0,0522
601,0000	37,6457	0,0516
602,0000	37,7083	0,0524
603,0000	37,7709	0,0521
604,0000	37,8336	0,0515
605,0000	37,8962	0,0520
606,0000	37,9589	0,0513
607,0000	38,0215	0,0522
608,0000	38,0841	0,0511
609,0000	38,1468	0,0513
610,0000	38,2094	0,0511
611,0000	38,2720	0,0508
612,0000	38,3347	0,0509
613,0000	38,3973	0,0516
614,0000	38,4600	0,0515
615,0000	38,5226	0,0518
616,0000	38,5852	0,0513
617,0000	38,6479	0,0513
618,0000	38,7105	0,0513
619,0000	38,7732	0,0512
620,0000	38,8358	0,0516
621,0000	38,8984	0,0516
622,0000	38,9611	0,0524
623,0000	39,0237	0,0521
624,0000	39,0863	0,0518
625,0000	39,1490	0,0522
626,0000	39,2116	0,0517
627,0000	39,2743	0,0521
628,0000	39,3369	0,0521
629,0000	39,3995	0,0515
630,0000	39,4622	0,0513
631,0000	39,5248	0,0516
632,0000	39,5875	0,0525
633,0000	39,6501	0,0530
634,0000	39,7127	0,0548
635,0000	39,7754	0,0570
636,0000	39,8380	0,0589
637,0000	39,9006	0,0614
638,0000	39,9633	0,0641
639,0000	40,0259	0,0656
640,0000	40,0886	0,0667
641,0000	40,1512	0,0674
642,0000	40,2138	0,0670
643,0000	40,2765	0,0669
644,0000	40,3391	0,0647
645,0000	40,4017	0,0624
646,0000	40,4644	0,0605
647,0000	40,5270	0,0579
648,0000	40,5897	0,0557
649,0000	40,6523	0,0547
650,0000	40,7149	0,0530
651,0000	40,7776	0,0524
652,0000	40,8402	0,0512
653,0000	40,9029	0,0512
654,0000	40,9655	0,0517
655,0000	41,0281	0,0517
656,0000	41,0908	0,0527
657,0000	41,1534	0,0524
658,0000	41,2160	0,0517
659,0000	41,2787	0,0520
660,0000	41,3413	0,0517
661,0000	41,4040	0,0513
662,0000	41,4666	0,0513
663,0000	41,5292	0,0513
664,0000	41,5919	0,0525
665,0000	41,6545	0,0527
666,0000	41,7172	0,0538
667,0000	41,7798	0,0538
668,0000	41,8424	0,0536
669,0000	41,9051	0,0547
670,0000	41,9677	0,0542
671,0000	42,0303	0,0535
672,0000	42,0930	0,0522
673,0000	42,1556	0,0518
674,0000	42,2183	0,0518
675,0000	42,2809	0,0518
676,0000	42,3435	0,0530
677,0000	42,4062	0,0549
678,0000	42,4688	0,0578
679,0000	42,5315	0,0611
680,0000	42,5941	0,0655
681,0000	42,6567	0,0691
682,0000	42,7194	0,0719
683,0000	42,7820	0,0753
684,0000	42,8446	0,0766
685,0000	42,9073	0,0771
686,0000	42,9699	0,0755
687,0000	43,0326	0,0744
688,0000	43,0952	0,0721
689,0000	43,1578	0,0678
690,0000	43,2205	0,0646
691,0000	43,2831	0,0605
692,0000	43,3458	0,0571
693,0000	43,4084	0,0549
694,0000	43,4710	0,0533
695,0000	43,5337	0,0521
696,0000	43,5963	0,0516
697,0000	43,6589	0,0525
698,0000	43,7216	0,0527
699,0000	43,7842	0,0525
700,0000	43,8469	0,0535
701,0000	43,9095	0,0530
702,0000	43,9721	0,0527
703,0000	44,0348	0,0525
704,0000	44,0974	0,0521
705,0000	44,1601	0,0518
706,0000	44,2227	0,0517
707,0000	44,2853	0,0513
708,0000	44,3480	0,0520
709,0000	44,4106	0,0520
710,0000	44,4732	0,0526
711,0000	44,5359	0,0530
712,0000	44,5985	0,0524
713,0000	44,6612	0,0531
714,0000	44,7238	0,0524
715,0000	44,7864	0,0520
716,0000	44,8491	0,0522
717,0000	44,9117	0,0515
718,0000	44,9744	0,0515
719,0000	45,0370	0,0515
720,0000	45,0996	0,0520
721,0000	45,1623	0,0530
722,0000	45,2249	0,0529
723,0000	45,2875	0,0542
724,0000	45,3502	0,0544
725,0000	45,4128	0,0556
726,0000	45,4755	0,0554
727,0000	45,5381	0,0552
728,0000	45,6007	0,0557
729,0000	45,6634	0,0549
730,0000	45,7260	0,0543
731,0000	45,7886	0,0538
732,0000	45,8513	0,0533
733,0000	45,9139	0,0534
734,0000	45,9766	0,0524
735,0000	46,0392	0,0518
736,0000	46,1018	0,0517
737,0000	46,1645	0,0521
738,0000	46,2271	0,0518
739,0000	46,2898	0,0518
740,0000	46,3524	0,0527
741,0000	46,4150	0,0520
742,0000	46,4777	0,0524
743,0000	46,5403	0,0516
744,0000	46,6029	0,0526
745,0000	46,6656	0,0520
746,0000	46,7282	0,0521
747,0000	46,7909	0,0517
748,0000	46,8535	0,0524
749,0000	46,9161	0,0521
750,0000	46,9788	0,0517
751,0000	47,0414	0,0525
752,0000	47,1041	0,0516
753,0000	47,1667	0,0516
754,0000	47,2293	0,0520
755,0000	47,2920	0,0520
756,0000	47,3546	0,0520
757,0000	47,4172	0,0525
758,0000	47,4799	0,0524
759,0000	47,5425	0,0522
760,0000	47,6052	0,0521
761,0000	47,6678	0,0518
762,0000	47,7304	0,0518
763,0000	47,7931	0,0516
764,0000	47,8557	0,0512
765,0000	47,9184	0,0517
766,0000	47,9810	0,0521
767,0000	48,0436	0,0535
768,0000	48,1063	0,0552
769,0000	48,1689	0,0579
770,0000	48,2315	0,0601
771,0000	48,2942	0,0628
772,0000	48,3568	0,0660
773,0000	48,4195	0,0687
774,0000	48,4821	0,0709
775,0000	48,5447	0,0728
776,0000	48,6074	0,0731
777,0000	48,6700	0,0722
778,0000	48,7327	0,0703
779,0000	48,7953	0,0678
780,0000	48,8579	0,0660
781,0000	48,9206	0,0620
782,0000	48,9832	0,0580
783,0000	49,0458	0,0554
784,0000	49,1085	0,0544
785,0000	49,1711	0,0531
786,0000	49,2338	0,0521
787,0000	49,2964	0,0525
788,0000	49,3590	0,0531
789,0000	49,4217	0,0536
790,0000	49,4843	0,0538
791,0000	49,5470	0,0543
792,0000	49,6096	0,0539
793,0000	49,6722	0,0536
794,0000	49,7349	0,0526
795,0000	49,7975	0,0530
796,0000	49,8601	0,0525
797,0000	49,9228	0,0534
798,0000	49,9854	0,0536
799,0000	50,0481	0,0553
800,0000	50,1107	0,0563
801,0000	50,1733	0,0575
802,0000	50,2360	0,0583
803,0000	50,2986	0,0575
804,0000	50,3613	0,0567
805,0000	50,4239	0,0551
806,0000	50,4865	0,0535
807,0000	50,5492	0,0524
808,0000	50,6118	0,0530
809,0000	50,6744	0,0544
810,0000	50,7371	0,0582
811,0000	50,7997	0,0651
812,0000	50,8624	0,0742
813,0000	50,9250	0,0846
814,0000	50,9876	0,0958
815,0000	51,0503	0,1072
816,0000	51,1129	0,1167
817,0000	51,1755	0,1243
818,0000	51,2382	0,1283
819,0000	51,3008	0,1283
820,0000	51,3635	0,1252
821,0000	51,4261	0,1188
822,0000	51,4887	0,1095
823,0000	51,5514	0,0979
824,0000	51,6140	0,0878
825,0000	51,6767	0,0773
826,0000	51,7393	0,0683
827,0000	51,8019	0,0607
828,0000	51,8646	0,0567
829,0000	51,9272	0,0539
830,0000	51,9898	0,0531
831,0000	52,0525	0,0539
832,0000	52,1151	0,0548
833,0000	52,1778	0,0560
834,0000	52,2404	0,0565
835,0000	52,3030	0,0574
836,0000	52,3657	0,0570
837,0000	52,4283	0,0553
838,0000	52,4910	0,0540
839,0000	52,5536	0,0535
840,0000	52,6162	0,0530
841,0000	52,6789	0,0530
842,0000	52,7415	0,0536
843,0000	52,8041	0,0556
844,0000	52,8668	0,0570
845,0000	52,9294	0,0587
846,0000	52,9921	0,0596
847,0000	53,0547	0,0598
848,0000	53,1173	0,0587
849,0000	53,1800	0,0574
850,0000	53,2426	0,0556
851,0000	53,3053	0,0539
852,0000	53,3679	0,0531
853,0000	53,4305	0,0530
854,0000	53,4932	0,0543
855,0000	53,5558	0,0588
856,0000	53,6184	0,0634
857,0000	53,6811	0,0704
858,0000	53,7437	0,0766
859,0000	53,8064	0,0827
860,0000	53,8690	0,0883
861,0000	53,9316	0,0921
862,0000	53,9943	0,0931
863,0000	54,0569	0,0918
864,0000	54,1196	0,0884
865,0000	54,1822	0,0847
866,0000	54,2448	0,0788
867,0000	54,3075	0,0728
868,0000	54,3701	0,0661
869,0000	54,4327	0,0615
870,0000	54,4954	0,0587
871,0000	54,5580	0,0551
872,0000	54,6207	0,0534
873,0000	54,6833	0,0524
874,0000	54,7459	0,0526
875,0000	54,8086	0,0527
876,0000	54,8712	0,0530
877,0000	54,9339	0,0538
878,0000	54,9965	0,0536
879,0000	55,0591	0,0531
880,0000	55,1218	0,0531
881,0000	55,1844	0,0529
882,0000	55,2470	0,0527
883,0000	55,3097	0,0533
884,0000	55,3723	0,0524
885,0000	55,4350	0,0531
886,0000	55,4976	0,0526
887,0000	55,5602	0,0530
888,0000	55,6229	0,0527
889,0000	55,6855	0,0522
890,0000	55,7482	0,0521
891,0000	55,8108	0,0518
892,0000	55,8734	0,0515
893,0000	55,9361	0,0518
894,0000	55,9987	0,0524
895,0000	56,0613	0,0521
896,0000	56,1240	0,0525
897,0000	56,1866	0,0529
898,0000	56,2493	0,0533
899,0000	56,3119	0,0531
900,0000	56,3745	0,0542
901,0000	56,4372	0,0548
902,0000	56,4998	0,0563
903,0000	56,5624	0,0584
904,0000	56,6251	0,0618
905,0000	56,6877	0,0651
906,0000	56,7504	0,0692
907,0000	56,8130	0,0723
908,0000	56,8756	0,0762
909,0000	56,9383	0,0795
910,0000	57,0009	0,0800
911,0000	57,0636	0,0799
912,0000	57,1262	0,0779
913,0000	57,1888	0,0748
914,0000	57,2515	0,0700
915,0000	57,3141	0,0650
916,0000	57,3767	0,0602
917,0000	57,4394	0,0571
918,0000	57,5020	0,0542
919,0000	57,5647	0,0539
920,0000	57,6273	0,0540
921,0000	57,6899	0,0552
922,0000	57,7526	0,0575
923,0000	57,8152	0,0594
924,0000	57,8779	0,0605
925,0000	57,9405	0,0606
926,0000	58,0031	0,0596
927,0000	58,0658	0,0579
928,0000	58,1284	0,0554
929,0000	58,1910	0,0544
930,0000	58,2537	0,0554
931,0000	58,3163	0,0565
932,0000	58,3790	0,0597
933,0000	58,4416	0,0656
934,0000	58,5042	0,0700
935,0000	58,5669	0,0748
936,0000	58,6295	0,0780
937,0000	58,6922	0,0782
938,0000	58,7548	0,0754
939,0000	58,8174	0,0704
940,0000	58,8801	0,0652
941,0000	58,9427	0,0621
942,0000	59,0053	0,0638
943,0000	59,0680	0,0745
944,0000	59,1306	0,0958
945,0000	59,1933	0,1301
946,0000	59,2559	0,1746
947,0000	59,3185	0,2293
948,0000	59,3812	0,2889
949,0000	59,4438	0,3560
950,0000	59,5065	0,4123
951,0000	59,5691	0,4549
952,0000	59,6317	0,4829
953,0000	59,6944	0,4907
954,0000	59,7570	0,4762
955,0000	59,8196	0,4395
956,0000	59,8823	0,3871
957,0000	59,9449	0,3240
958,0000	60,0076	0,2578
959,0000	60,0702	0,1916
960,0000	60,1328	0,1384
961,0000	60,1955	0,1000
962,0000	60,2581	0,0773
963,0000	60,3208	0,0703
964,0000	60,3834	0,0749
965,0000	60,4460	0,0860
966,0000	60,5087	0,0978
967,0000	60,5713	0,1080
968,0000	60,6339	0,1111
969,0000	60,6966	0,1063
970,0000	60,7592	0,0952
971,0000	60,8219	0,0813
972,0000	60,8845	0,0683
973,0000	60,9471	0,0596
974,0000	61,0098	0,0580
975,0000	61,0724	0,0667
976,0000	61,1351	0,0847
977,0000	61,1977	0,1067
978,0000	61,2603	0,1313
979,0000	61,3230	0,1505
980,0000	61,3856	0,1613
981,0000	61,4482	0,1596
982,0000	61,5109	0,1462
983,0000	61,5735	0,1252
984,0000	61,6362	0,0996
985,0000	61,6988	0,0826
986,0000	61,7614	0,0839
987,0000	61,8241	0,1135
988,0000	61,8867	0,1775
989,0000	61,9493	0,2719
990,0000	62,0120	0,4082
991,0000	62,0746	0,5644
992,0000	62,1373	0,7417
993,0000	62,1999	0,9143
994,0000	62,2625	1,0756
995,0000	62,3252	1,1940
996,0000	62,3878	1,2647
997,0000	62,4505	1,2781
998,0000	62,5131	1,2335
999,0000	62,5757	1,1325
1000,0000	62,6384	0,9859
1001,0000	62,7010	0,8203
1002,0000	62,7636	0,6424
1003,0000	62,8263	0,4764
1004,0000	62,8889	0,3313
1005,0000	62,9516	0,2198
1006,0000	63,0142	0,1475
1007,0000	63,0768	0,1147
1008,0000	63,1395	0,1104
1009,0000	63,2021	0,1259
1010,0000	63,2648	0,1513
1011,0000	63,3274	0,1733
1012,0000	63,3900	0,1846
1013,0000	63,4527	0,1800
1014,0000	63,5153	0,1604
1015,0000	63,5779	0,1310
1016,0000	63,6406	0,0992
1017,0000	63,7032	0,0737
1018,0000	63,7659	0,0612
1019,0000	63,8285	0,0665
1020,0000	63,8911	0,0901
1021,0000	63,9538	0,1241
1022,0000	64,0164	0,1640
1023,0000	64,0791	0,1996
1024,0000	64,1417	0,2221
1025,0000	64,2043	0,2250
1026,0000	64,2670	0,2074
1027,0000	64,3296	0,1753
1028,0000	64,3922	0,1381
1029,0000	64,4549	0,1070
1030,0000	64,5175	0,0987
1031,0000	64,5802	0,1292
1032,0000	64,6428	0,2066
1033,0000	64,7054	0,3371
1034,0000	64,7681	0,5142
1035,0000	64,8307	0,7332
1036,0000	64,8934	0,9703
1037,0000	64,9560	1,2103
1038,0000	65,0186	1,4116
1039,0000	65,0813	1,5795
1040,0000	65,1439	1,6752
1041,0000	65,2065	1,6876
1042,0000	65,2692	1,6178
1043,0000	65,3318	1,4743
1044,0000	65,3945	1,2815
1045,0000	65,4571	1,0517
1046,0000	65,5197	0,8249
1047,0000	65,5824	0,6088
1048,0000	65,6450	0,4319
1049,0000	65,7077	0,2903
1050,0000	65,7703	0,1997
1051,0000	65,8329	0,1513
1052,0000	65,8956	0,1430
1053,0000	65,9582	0,1591
1054,0000	66,0208	0,1824
1055,0000	66,0835	0,2035
1056,0000	66,1461	0,2096
1057,0000	66,2088	0,2010
1058,0000	66,2714	0,1764
1059,0000	66,3340	0,1421
1060,0000	66,3967	0,1071
1061,0000	66,4593	0,0784
1062,0000	66,5220	0,0632
1063,0000	66,5846	0,0655
1064,0000	66,6472	0,0833
1065,0000	66,7099	0,1153
1066,0000	66,7725	0,1520
1067,0000	66,8351	0,1856
1068,0000	66,8978	0,2080
1069,0000	66,9604	0,2178
1070,0000	67,0231	0,2105
1071,0000	67,0857	0,1880
1072,0000	67,1483	0,1565
1073,0000	67,2110	0,1258
1074,0000	67,2736	0,1094
1075,0000	67,3362	0,1184
1076,0000	67,3989	0,1605
1077,0000	67,4615	0,2429
1078,0000	67,5242	0,3632
1079,0000	67,5868	0,5147
1080,0000	67,6494	0,6822
1081,0000	67,7121	0,8525
1082,0000	67,7747	1,0060
1083,0000	67,8374	1,1288
1084,0000	67,9000	1,2047
1085,0000	67,9626	1,2272
1086,0000	68,0253	1,1994
1087,0000	68,0879	1,1219
1088,0000	68,1505	0,9985
1089,0000	68,2132	0,8490
1090,0000	68,2758	0,6781
1091,0000	68,3385	0,5266
1092,0000	68,4011	0,3896
1093,0000	68,4637	0,2778
1094,0000	68,5264	0,1984
1095,0000	68,5890	0,1514
1096,0000	68,6517	0,1298
1097,0000	68,7143	0,1310
1098,0000	68,7769	0,1424
1099,0000	68,8396	0,1554
1100,0000	68,9022	0,1631
1101,0000	68,9648	0,1605
1102,0000	69,0275	0,1492
1103,0000	69,0901	0,1283
1104,0000	69,1528	0,1052
1105,0000	69,2154	0,0824
1106,0000	69,2780	0,0656
1107,0000	69,3407	0,0580
1108,0000	69,4033	0,0609
1109,0000	69,4660	0,0728
1110,0000	69,5286	0,0910
1111,0000	69,5912	0,1108
1112,0000	69,6539	0,1278
1113,0000	69,7165	0,1377
1114,0000	69,7791	0,1380
1115,0000	69,8418	0,1301
1116,0000	69,9044	0,1153
1117,0000	69,9671	0,0982
1118,0000	70,0297	0,0840
1119,0000	70,0923	0,0785
1120,0000	70,1550	0,0852
1121,0000	70,2176	0,1072
1122,0000	70,2803	0,1461
1123,0000	70,3429	0,1963
1124,0000	70,4055	0,2551
1125,0000	70,4682	0,3147
1126,0000	70,5308	0,3708
1127,0000	70,5934	0,4149
1128,0000	70,6561	0,4422
1129,0000	70,7187	0,4502
1130,0000	70,7814	0,4391
1131,0000	70,8440	0,4102
1132,0000	70,9066	0,3668
1133,0000	70,9693	0,3152
1134,0000	71,0319	0,2632
1135,0000	71,0946	0,2123
1136,0000	71,1572	0,1690
1137,0000	71,2198	0,1328
1138,0000	71,2825	0,1067
1139,0000	71,3451	0,0925
1140,0000	71,4077	0,0864
1141,0000	71,4704	0,0842
1142,0000	71,5330	0,0848
1143,0000	71,5957	0,0860
1144,0000	71,6583	0,0875
1145,0000	71,7209	0,0855
1146,0000	71,7836	0,0802
1147,0000	71,8462	0,0749
1148,0000	71,9089	0,0679
1149,0000	71,9715	0,0623
1150,0000	72,0341	0,0571
1151,0000	72,0968	0,0552
1152,0000	72,1594	0,0542
1153,0000	72,2220	0,0543
1154,0000	72,2847	0,0566
1155,0000	72,3473	0,0585
1156,0000	72,4100	0,0607
1157,0000	72,4726	0,0618
1158,0000	72,5352	0,0620
1159,0000	72,5979	0,0605
1160,0000	72,6605	0,0585
1161,0000	72,7231	0,0561
1162,0000	72,7858	0,0551
1163,0000	72,8484	0,0543
1164,0000	72,9111	0,0547
1165,0000	72,9737	0,0566
1166,0000	73,0363	0,0598
1167,0000	73,0990	0,0646
1168,0000	73,1616	0,0681
1169,0000	73,2243	0,0721
1170,0000	73,2869	0,0746
1171,0000	73,3495	0,0770
1172,0000	73,4122	0,0762
1173,0000	73,4748	0,0752
1174,0000	73,5374	0,0737
1175,0000	73,6001	0,0705
1176,0000	73,6627	0,0674
1177,0000	73,7254	0,0639
1178,0000	73,7880	0,0615
1179,0000	73,8506	0,0600
1180,0000	73,9133	0,0583
1181,0000	73,9759	0,0566
1182,0000	74,0386	0,0567
1183,0000	74,1012	0,0560
1184,0000	74,1638	0,0556
1185,0000	74,2265	0,0549
1186,0000	74,2891	0,0552
1187,0000	74,3517	0,0542
1188,0000	74,4144	0,0538
1189,0000	74,4770	0,0538
1190,0000	74,5397	0,0536
1191,0000	74,6023	0,0529
1192,0000	74,6649	0,0524
1193,0000	74,7276	0,0520
1194,0000	74,7902	0,0524
1195,0000	74,8529	0,0521
1196,0000	74,9155	0,0518
1197,0000	74,9781	0,0521
1198,0000	75,0408	0,0529
1199,0000	75,1034	0,0531
1200,0000	75,1660	0,0534
1201,0000	75,2287	0,0535
1202,0000	75,2913	0,0553
1203,0000	75,3540	0,0552
1204,0000	75,4166	0,0562
1205,0000	75,4792	0,0558
1206,0000	75,5419	0,0557
1207,0000	75,6045	0,0553
1208,0000	75,6672	0,0552
1209,0000	75,7298	0,0558
1210,0000	75,7924	0,0565
1211,0000	75,8551	0,0583
1212,0000	75,9177	0,0609
1213,0000	75,9803	0,0643
1214,0000	76,0430	0,0686
1215,0000	76,1056	0,0730
1216,0000	76,1683	0,0777
1217,0000	76,2309	0,0811
1218,0000	76,2935	0,0839
1219,0000	76,3562	0,0851
1220,0000	76,4188	0,0846
1221,0000	76,4815	0,0824
1222,0000	76,5441	0,0788
1223,0000	76,6067	0,0745
1224,0000	76,6694	0,0701
1225,0000	76,7320	0,0661
1226,0000	76,7946	0,0612
1227,0000	76,8573	0,0582
1228,0000	76,9199	0,0569
1229,0000	76,9826	0,0569
1230,0000	77,0452	0,0557
1231,0000	77,1078	0,0569
1232,0000	77,1705	0,0591
1233,0000	77,2331	0,0603
1234,0000	77,2958	0,0600
1235,0000	77,3584	0,0594
1236,0000	77,4210	0,0578
1237,0000	77,4837	0,0565
1238,0000	77,5463	0,0554
1239,0000	77,6089	0,0534
1240,0000	77,6716	0,0522
1241,0000	77,7342	0,0520
1242,0000	77,7969	0,0529
1243,0000	77,8595	0,0548
1244,0000	77,9221	0,0571
1245,0000	77,9848	0,0605
1246,0000	78,0474	0,0628
1247,0000	78,1100	0,0639
1248,0000	78,1727	0,0648
1249,0000	78,2353	0,0652
1250,0000	78,2980	0,0643
1251,0000	78,3606	0,0620
1252,0000	78,4232	0,0602
1253,0000	78,4859	0,0593
1254,0000	78,5485	0,0596
1255,0000	78,6112	0,0618
1256,0000	78,6738	0,0658
1257,0000	78,7364	0,0726
1258,0000	78,7991	0,0798
1259,0000	78,8617	0,0884
1260,0000	78,9243	0,0974
1261,0000	78,9870	0,1041
1262,0000	79,0496	0,1088
1263,0000	79,1123	0,1112
1264,0000	79,1749	0,1103
1265,0000	79,2375	0,1067
1266,0000	79,3002	0,0999
1267,0000	79,3628	0,0918
1268,0000	79,4255	0,0847
1269,0000	79,4881	0,0772
1270,0000	79,5507	0,0703
1271,0000	79,6134	0,0647
1272,0000	79,6760	0,0614
1273,0000	79,7386	0,0603
1274,0000	79,8013	0,0594
1275,0000	79,8639	0,0598
1276,0000	79,9266	0,0605
1277,0000	79,9892	0,0618
1278,0000	80,0518	0,0615
1279,0000	80,1145	0,0611
1280,0000	80,1771	0,0600
1281,0000	80,2398	0,0576
1282,0000	80,3024	0,0560
1283,0000	80,3650	0,0547
1284,0000	80,4277	0,0530
1285,0000	80,4903	0,0526
1286,0000	80,5529	0,0521
1287,0000	80,6156	0,0522
1288,0000	80,6782	0,0534
1289,0000	80,7409	0,0547
1290,0000	80,8035	0,0544
1291,0000	80,8661	0,0553
1292,0000	80,9288	0,0558
1293,0000	80,9914	0,0558
1294,0000	81,0541	0,0548
1295,0000	81,1167	0,0543
1296,0000	81,1793	0,0536
1297,0000	81,2420	0,0538
1298,0000	81,3046	0,0542
1299,0000	81,3672	0,0556
1300,0000	81,4299	0,0574
1301,0000	81,4925	0,0589
1302,0000	81,5552	0,0612
1303,0000	81,6178	0,0634
1304,0000	81,6804	0,0663
1305,0000	81,7431	0,0668
1306,0000	81,8057	0,0672
1307,0000	81,8684	0,0669
1308,0000	81,9310	0,0659
1309,0000	81,9936	0,0646
1310,0000	82,0563	0,0629
1311,0000	82,1189	0,0612
1312,0000	82,1815	0,0593
1313,0000	82,2442	0,0573
1314,0000	82,3068	0,0565
1315,0000	82,3695	0,0556
1316,0000	82,4321	0,0545
1317,0000	82,4947	0,0544
1318,0000	82,5574	0,0536
1319,0000	82,6200	0,0536
1320,0000	82,6827	0,0533
1321,0000	82,7453	0,0529
1322,0000	82,8079	0,0531
1323,0000	82,8706	0,0525
1324,0000	82,9332	0,0527
1325,0000	82,9958	0,0527
1326,0000	83,0585	0,0526
1327,0000	83,1211	0,0527
1328,0000	83,1838	0,0527
1329,0000	83,2464	0,0522
1330,0000	83,3090	0,0518
1331,0000	83,3717	0,0527
1332,0000	83,4343	0,0521
1333,0000	83,4969	0,0516
1334,0000	83,5596	0,0521
1335,0000	83,6222	0,0521
1336,0000	83,6849	0,0522
1337,0000	83,7475	0,0522
1338,0000	83,8101	0,0522
1339,0000	83,8728	0,0518
1340,0000	83,9354	0,0524
1341,0000	83,9981	0,0518
1342,0000	84,0607	0,0521
1343,0000	84,1233	0,0513
1344,0000	84,1860	0,0516
1345,0000	84,2486	0,0516
1346,0000	84,3112	0,0504
1347,0000	84,3739	0,0518
1348,0000	84,4365	0,0522
1349,0000	84,4992	0,0524
1350,0000	84,5618	0,0524
1351,0000	84,6244	0,0529
1352,0000	84,6871	0,0539
1353,0000	84,7497	0,0539
1354,0000	84,8124	0,0544
1355,0000	84,8750	0,0535
1356,0000	84,9376	0,0542
1357,0000	85,0003	0,0539
1358,0000	85,0629	0,0534
1359,0000	85,1255	0,0527
1360,0000	85,1882	0,0522
1361,0000	85,2508	0,0520
1362,0000	85,3135	0,0517
1363,0000	85,3761	0,0522
1364,0000	85,4387	0,0533
1365,0000	85,5014	0,0531
1366,0000	85,5640	0,0531
1367,0000	85,6267	0,0534
1368,0000	85,6893	0,0539
1369,0000	85,7519	0,0533
1370,0000	85,8146	0,0518
1371,0000	85,8772	0,0522
1372,0000	85,9398	0,0515
1373,0000	86,0025	0,0512
1374,0000	86,0651	0,0513
1375,0000	86,1278	0,0521
1376,0000	86,1904	0,0530
1377,0000	86,2530	0,0535
1378,0000	86,3157	0,0547
1379,0000	86,3783	0,0562
1380,0000	86,4410	0,0570
1381,0000	86,5036	0,0571
1382,0000	86,5662	0,0578
1383,0000	86,6289	0,0571
1384,0000	86,6915	0,0562
1385,0000	86,7541	0,0549
1386,0000	86,8168	0,0543
1387,0000	86,8794	0,0539
1388,0000	86,9421	0,0539
1389,0000	87,0047	0,0547
1390,0000	87,0673	0,0562
1391,0000	87,1300	0,0580
1392,0000	87,1926	0,0611
1393,0000	87,2553	0,0641
1394,0000	87,3179	0,0655
1395,0000	87,3805	0,0681
1396,0000	87,4432	0,0691
1397,0000	87,5058	0,0694
1398,0000	87,5684	0,0688
1399,0000	87,6311	0,0676
1400,0000	87,6937	0,0660
1401,0000	87,7564	0,0629
1402,0000	87,8190	0,0607
1403,0000	87,8816	0,0593
1404,0000	87,9443	0,0574
1405,0000	88,0069	0,0556
1406,0000	88,0696	0,0549
1407,0000	88,1322	0,0552
1408,0000	88,1948	0,0552
1409,0000	88,2575	0,0556
1410,0000	88,3201	0,0562
1411,0000	88,3827	0,0573
1412,0000	88,4454	0,0563
1413,0000	88,5080	0,0553
1414,0000	88,5707	0,0551
1415,0000	88,6333	0,0536
1416,0000	88,6959	0,0530
1417,0000	88,7586	0,0525
1418,0000	88,8212	0,0517
1419,0000	88,8838	0,0517
1420,0000	88,9465	0,0513
1421,0000	89,0091	0,0525
1422,0000	89,0718	0,0530
1423,0000	89,1344	0,0547
1424,0000	89,1970	0,0561
1425,0000	89,2597	0,0563
1426,0000	89,3223	0,0567
1427,0000	89,3850	0,0569
1428,0000	89,4476	0,0561
1429,0000	89,5102	0,0554
1430,0000	89,5729	0,0545
1431,0000	89,6355	0,0538
1432,0000	89,6981	0,0530
1433,0000	89,7608	0,0533
1434,0000	89,8234	0,0547
1435,0000	89,8861	0,0552
1436,0000	89,9487	0,0567
1437,0000	90,0113	0,0579
1438,0000	90,0740	0,0594
1439,0000	90,1366	0,0612
1440,0000	90,1993	0,0616
1441,0000	90,2619	0,0619
1442,0000	90,3245	0,0611
1443,0000	90,3872	0,0607
1444,0000	90,4498	0,0597
1445,0000	90,5124	0,0580
1446,0000	90,5751	0,0567
1447,0000	90,6377	0,0557
1448,0000	90,7004	0,0553
1449,0000	90,7630	0,0544
1450,0000	90,8256	0,0548
1451,0000	90,8883	0,0545
1452,0000	90,9509	0,0538
1453,0000	91,0136	0,0536
1454,0000	91,0762	0,0536
1455,0000	91,1388	0,0539
1456,0000	91,2015	0,0542
1457,0000	91,2641	0,0535
1458,0000	91,3267	0,0536
1459,0000	91,3894	0,0527
1460,0000	91,4520	0,0526
1461,0000	91,5147	0,0529
1462,0000	91,5773	0,0524
1463,0000	91,6399	0,0517
1464,0000	91,7026	0,0511
1465,0000	91,7652	0,0516
1466,0000	91,8279	0,0518
1467,0000	91,8905	0,0517
1468,0000	91,9531	0,0516
1469,0000	92,0158	0,0521
1470,0000	92,0784	0,0518
1471,0000	92,1410	0,0518
1472,0000	92,2037	0,0517
1473,0000	92,2663	0,0516
1474,0000	92,3290	0,0509
1475,0000	92,3916	0,0515
1476,0000	92,4542	0,0516
1477,0000	92,5169	0,0513
1478,0000	92,5795	0,0513
1479,0000	92,6422	0,0518
1480,0000	92,7048	0,0518
1481,0000	92,7674	0,0516
1482,0000	92,8301	0,0518
1483,0000	92,8927	0,0517
1484,0000	92,9553	0,0516
1485,0000	93,0180	0,0516
1486,0000	93,0806	0,0516
1487,0000	93,1433	0,0520
1488,0000	93,2059	0,0508
1489,0000	93,2685	0,0515
1490,0000	93,3312	0,0516
1491,0000	93,3938	0,0513
1492,0000	93,4565	0,0515
1493,0000	93,5191	0,0513
1494,0000	93,5817	0,0512
1495,0000	93,6444	0,0512
1496,0000	93,7070	0,0508
1497,0000	93,7696	0,0512
1498,0000	93,8323	0,0516
1499,0000	93,8949	0,0509
1500,0000	93,9576	0,0515
1501,0000	94,0202	0,0513
1502,0000	94,0828	0,0512
1503,0000	94,1455	0,0508
1504,0000	94,2081	0,0518
1505,0000	94,2707	0,0518
1506,0000	94,3334	0,0513
1507,0000	94,3960	0,0513
1508,0000	94,4587	0,0516
1509,0000	94,5213	0,0518
1510,0000	94,5839	0,0520
1511,0000	94,6466	0,0525
1512,0000	94,7092	0,0524
1513,0000	94,7719	0,0522
1514,0000	94,8345	0,0531
1515,0000	94,8971	0,0527
1516,0000	94,9598	0,0533
1517,0000	95,0224	0,0536
1518,0000	95,0850	0,0534
1519,0000	95,1477	0,0534
1520,0000	95,2103	0,0533
1521,0000	95,2730	0,0527
1522,0000	95,3356	0,0525
1523,0000	95,3982	0,0524
1524,0000	95,4609	0,0527
1525,0000	95,5235	0,0529
1526,0000	95,5862	0,0540
1527,0000	95,6488	0,0545
1528,0000	95,7114	0,0551
1529,0000	95,7741	0,0553
1530,0000	95,8367	0,0561
1531,0000	95,8993	0,0557
1532,0000	95,9620	0,0556
1533,0000	96,0246	0,0553
1534,0000	96,0873	0,0545
1535,0000	96,1499	0,0542
1536,0000	96,2125	0,0539
1537,0000	96,2752	0,0533
1538,0000	96,3378	0,0535
1539,0000	96,4005	0,0521
1540,0000	96,4631	0,0526
1541,0000	96,5257	0,0525
1542,0000	96,5884	0,0530
1543,0000	96,6510	0,0525
1544,0000	96,7136	0,0534
1545,0000	96,7763	0,0535
1546,0000	96,8389	0,0527
1547,0000	96,9016	0,0534
1548,0000	96,9642	0,0522
1549,0000	97,0268	0,0518
1550,0000	97,0895	0,0517
1551,0000	97,1521	0,0512
1552,0000	97,2148	0,0513
1553,0000	97,2774	0,0516
1554,0000	97,3400	0,0516
1555,0000	97,4027	0,0520
1556,0000	97,4653	0,0527
1557,0000	97,5279	0,0539
1558,0000	97,5906	0,0544
1559,0000	97,6532	0,0545
1560,0000	97,7159	0,0552
1561,0000	97,7785	0,0545
1562,0000	97,8411	0,0551
1563,0000	97,9038	0,0549
1564,0000	97,9664	0,0548
1565,0000	98,0291	0,0544
1566,0000	98,0917	0,0542
1567,0000	98,1543	0,0538
1568,0000	98,2170	0,0540
1569,0000	98,2796	0,0543
1570,0000	98,3422	0,0547
1571,0000	98,4049	0,0554
1572,0000	98,4675	0,0561
1573,0000	98,5302	0,0567
1574,0000	98,5928	0,0565
1575,0000	98,6554	0,0569
1576,0000	98,7181	0,0571
1577,0000	98,7807	0,0570
1578,0000	98,8434	0,0557
1579,0000	98,9060	0,0549
1580,0000	98,9686	0,0545
1581,0000	99,0313	0,0542
1582,0000	99,0939	0,0540
1583,0000	99,1565	0,0533
1584,0000	99,2192	0,0533
1585,0000	99,2818	0,0527
1586,0000	99,3445	0,0530
1587,0000	99,4071	0,0533
1588,0000	99,4697	0,0540
1589,0000	99,5324	0,0534
1590,0000	99,5950	0,0533
1591,0000	99,6576	0,0534
1592,0000	99,7203	0,0526
1593,0000	99,7829	0,0525
1594,0000	99,8456	0,0525
1595,0000	99,9082	0,0521
1596,0000	99,9708	NaN
1597,0000	100,0335	NaN
1598,0000	100,0961	NaN
1599,0000	100,1588	NaN
1600,0000	100,2214	NaN
1601,0000	100,2840	NaN
1602,0000	100,3467	NaN
1603,0000	100,4093	NaN
1604,0000	100,4719	NaN
1605,0000	100,5346	NaN
1606,0000	100,5972	NaN
1607,0000	100,6599	NaN
1608,0000	100,7225	NaN
1609,0000	100,7851	NaN
1610,0000	100,8478	NaN
1611,0000	100,9104	NaN
1612,0000	100,9731	NaN
1613,0000	101,0357	NaN
1614,0000	101,0983	NaN
1615,0000	101,1610	NaN
1616,0000	101,2236	NaN
1617,0000	101,2862	NaN
1618,0000	101,3489	NaN
1619,0000	101,4115	NaN
1620,0000	101,4742	NaN
1621,0000	101,5368	NaN
1622,0000	101,5994	NaN
1623,0000	101,6621	NaN
1624,0000	101,7247	NaN
1625,0000	101,7874	NaN
1626,0000	101,8500	NaN
1627,0000	101,9126	NaN
1628,0000	101,9753	NaN
1629,0000	102,0379	NaN
1630,0000	102,1005	NaN
1631,0000	102,1632	NaN
1632,0000	102,2258	NaN
1633,0000	102,2885	NaN
1634,0000	102,3511	NaN
1635,0000	102,4137	NaN
1636,0000	102,4764	NaN
1637,0000	102,5390	NaN
1638,0000	102,6017	NaN
1639,0000	102,6643	NaN
1640,0000	102,7269	NaN
1641,0000	102,7896	NaN
1642,0000	102,8522	NaN
1643,0000	102,9148	NaN
1644,0000	102,9775	NaN
1645,0000	103,0401	NaN
1646,0000	103,1028	NaN
1647,0000	103,1654	NaN
1648,0000	103,2280	NaN
1649,0000	103,2907	NaN
1650,0000	103,3533	NaN
1651,0000	103,4160	NaN
1652,0000	103,4786	NaN
1653,0000	103,5412	NaN
1654,0000	103,6039	NaN
1655,0000	103,6665	NaN
1656,0000	103,7291	NaN
1657,0000	103,7918	NaN
1658,0000	103,8544	NaN
1659,0000	103,9171	NaN
1660,0000	103,9797	NaN
1661,0000	104,0423	NaN
1662,0000	104,1050	NaN
1663,0000	104,1676	NaN
1664,0000	104,2303	NaN
1665,0000	104,2929	NaN
1666,0000	104,3555	NaN
1667,0000	104,4182	NaN
1668,0000	104,4808	NaN
1669,0000	104,5434	NaN
1670,0000	104,6061	NaN
1671,0000	104,6687	NaN
1672,0000	104,7314	NaN
1673,0000	104,7940	NaN
1674,0000	104,8566	NaN
1675,0000	104,9193	NaN
1676,0000	104,9819	NaN
1677,0000	105,0445	NaN
1678,0000	105,1072	NaN
1679,0000	105,1698	NaN
1680,0000	105,2325	NaN
1681,0000	105,2951	NaN
1682,0000	105,3577	NaN
1683,0000	105,4204	NaN
1684,0000	105,4830	NaN
1685,0000	105,5457	NaN
1686,0000	105,6083	NaN
1687,0000	105,6709	NaN
1688,0000	105,7336	NaN
1689,0000	105,7962	NaN
1690,0000	105,8588	NaN
1691,0000	105,9215	NaN
1692,0000	105,9841	NaN
1693,0000	106,0468	NaN
1694,0000	106,1094	NaN
1695,0000	106,1720	NaN
1696,0000	106,2347	NaN
1697,0000	106,2973	NaN
1698,0000	106,3600	NaN
1699,0000	106,4226	NaN
1700,0000	106,4852	NaN
1701,0000	106,5479	NaN
1702,0000	106,6105	NaN
1703,0000	106,6731	NaN
1704,0000	106,7358	NaN
1705,0000	106,7984	NaN
1706,0000	106,8611	NaN
1707,0000	106,9237	NaN
1708,0000	106,9863	NaN
1709,0000	107,0490	NaN
1710,0000	107,1116	NaN
1711,0000	107,1743	NaN
1712,0000	107,2369	NaN
1713,0000	107,2995	NaN
1714,0000	107,3622	NaN
1715,0000	107,4248	NaN
1716,0000	107,4874	NaN
1717,0000	107,5501	NaN
1718,0000	107,6127	NaN
1719,0000	107,6754	NaN
1720,0000	107,7380	NaN
1721,0000	107,8006	NaN
1722,0000	107,8633	NaN
1723,0000	107,9259	NaN
1724,0000	107,9886	NaN
1725,0000	108,0512	NaN
1726,0000	108,1138	NaN
1727,0000	108,1765	NaN
1728,0000	108,2391	NaN
1729,0000	108,3017	NaN
1730,0000	108,3644	NaN
1731,0000	108,4270	NaN
1732,0000	108,4897	NaN
1733,0000	108,5523	NaN
1734,0000	108,6149	NaN
1735,0000	108,6776	NaN
1736,0000	108,7402	NaN
1737,0000	108,8029	NaN
1738,0000	108,8655	NaN
1739,0000	108,9281	NaN
1740,0000	108,9908	NaN
1741,0000	109,0534	NaN
1742,0000	109,1160	NaN
1743,0000	109,1787	NaN
1744,0000	109,2413	NaN
1745,0000	109,3040	NaN
1746,0000	109,3666	NaN
1747,0000	109,4292	NaN
1748,0000	109,4919	NaN
1749,0000	109,5545	NaN
1750,0000	109,6171	NaN
1751,0000	109,6798	NaN
1752,0000	109,7424	NaN
1753,0000	109,8051	NaN
1754,0000	109,8677	NaN
1755,0000	109,9303	NaN
1756,0000	109,9930	NaN
1757,0000	110,0556	NaN
1758,0000	110,1183	NaN
1759,0000	110,1809	NaN
1760,0000	110,2435	NaN
1761,0000	110,3062	NaN
1762,0000	110,3688	NaN
1763,0000	110,4314	NaN
1764,0000	110,4941	NaN
1765,0000	110,5567	NaN
1766,0000	110,6194	NaN
1767,0000	110,6820	NaN
1768,0000	110,7446	NaN
1769,0000	110,8073	NaN
1770,0000	110,8699	NaN
1771,0000	110,9326	NaN
1772,0000	110,9952	NaN
1773,0000	111,0578	NaN
1774,0000	111,1205	NaN
1775,0000	111,1831	NaN
1776,0000	111,2457	NaN
1777,0000	111,3084	NaN
1778,0000	111,3710	NaN
1779,0000	111,4337	NaN
1780,0000	111,4963	NaN
1781,0000	111,5589	NaN
1782,0000	111,6216	NaN
1783,0000	111,6842	NaN
1784,0000	111,7469	NaN
1785,0000	111,8095	NaN
1786,0000	111,8721	NaN
1787,0000	111,9348	NaN
1788,0000	111,9974	NaN
1789,0000	112,0600	NaN
1790,0000	112,1227	NaN
1791,0000	112,1853	NaN
1792,0000	112,2480	NaN
1793,0000	112,3106	NaN
1794,0000	112,3732	NaN
1795,0000	112,4359	NaN
1796,0000	112,4985	NaN
1797,0000	112,5612	NaN
1798,0000	112,6238	NaN
1799,0000	112,6864	NaN
1800,0000	112,7491	NaN
1801,0000	112,8117	NaN
1802,0000	112,8743	NaN
1803,0000	112,9370	NaN
1804,0000	112,9996	NaN
1805,0000	113,0623	NaN
1806,0000	113,1249	NaN
1807,0000	113,1875	NaN
1808,0000	113,2502	NaN
1809,0000	113,3128	NaN
1810,0000	113,3755	NaN
1811,0000	113,4381	NaN
1812,0000	113,5007	NaN
1813,0000	113,5634	NaN
1814,0000	113,6260	NaN
1815,0000	113,6886	NaN
1816,0000	113,7513	NaN
1817,0000	113,8139	NaN
1818,0000	113,8766	NaN
1819,0000	113,9392	NaN
1820,0000	114,0018	NaN
1821,0000	114,0645	NaN
1822,0000	114,1271	NaN
1823,0000	114,1898	NaN
1824,0000	114,2524	NaN
1825,0000	114,3150	NaN
1826,0000	114,3777	NaN
1827,0000	114,4403	NaN
1828,0000	114,5029	NaN
1829,0000	114,5656	NaN
1830,0000	114,6282	NaN
1831,0000	114,6909	NaN
1832,0000	114,7535	NaN
1833,0000	114,8161	NaN
1834,0000	114,8788	NaN
1835,0000	114,9414	NaN
1836,0000	115,0040	NaN
1837,0000	115,0667	NaN
1838,0000	115,1293	NaN
1839,0000	115,1920	NaN
1840,0000	115,2546	NaN
1841,0000	115,3172	NaN
1842,0000	115,3799	NaN
1843,0000	115,4425	NaN
1844,0000	115,5052	NaN
1845,0000	115,5678	NaN
1846,0000	115,6304	NaN
1847,0000	115,6931	NaN
1848,0000	115,7557	NaN
1849,0000	115,8183	NaN
1850,0000	115,8810	0,0000
