# 09_12_2020_15_46_06_G6_61_Einzelspalt03_3084
# Messung der Beugung an Spalten und Gittern
# 6.1_Einzelspalt03
# position(Nr) position(mm) Messwerte(V)
0,0000	0,0000	0,0441
1,0000	0,0376	0,0411
2,0000	0,0752	0,0418
3,0000	0,1127	0,0418
4,0000	0,1503	0,0418
5,0000	0,1879	0,0415
6,0000	0,2255	0,0420
7,0000	0,2631	0,0420
8,0000	0,3007	0,0418
9,0000	0,3382	0,0411
10,0000	0,3758	0,0411
11,0000	0,4134	0,0422
12,0000	0,4510	0,0418
13,0000	0,4886	0,0415
14,0000	0,5262	0,0418
15,0000	0,5637	0,0418
16,0000	0,6013	0,0413
17,0000	0,6389	0,0418
18,0000	0,6765	0,0413
19,0000	0,7141	0,0422
20,0000	0,7517	0,0411
21,0000	0,7892	0,0413
22,0000	0,8268	0,0411
23,0000	0,8644	0,0424
24,0000	0,9020	0,0418
25,0000	0,9396	0,0418
26,0000	0,9772	0,0420
27,0000	1,0147	0,0420
28,0000	1,0523	0,0422
29,0000	1,0899	0,0411
30,0000	1,1275	0,0418
31,0000	1,1651	0,0426
32,0000	1,2027	0,0420
33,0000	1,2402	0,0420
34,0000	1,2778	0,0426
35,0000	1,3154	0,0426
36,0000	1,3530	0,0424
37,0000	1,3906	0,0420
38,0000	1,4282	0,0422
39,0000	1,4657	0,0430
40,0000	1,5033	0,0428
41,0000	1,5409	0,0418
42,0000	1,5785	0,0424
43,0000	1,6161	0,0424
44,0000	1,6537	0,0418
45,0000	1,6912	0,0420
46,0000	1,7288	0,0428
47,0000	1,7664	0,0426
48,0000	1,8040	0,0422
49,0000	1,8416	0,0420
50,0000	1,8792	0,0420
51,0000	1,9167	0,0428
52,0000	1,9543	0,0426
53,0000	1,9919	0,0418
54,0000	2,0295	0,0418
55,0000	2,0671	0,0426
56,0000	2,1046	0,0420
57,0000	2,1422	0,0422
58,0000	2,1798	0,0424
59,0000	2,2174	0,0424
60,0000	2,2550	0,0422
61,0000	2,2926	0,0411
62,0000	2,3301	0,0420
63,0000	2,3677	0,0426
64,0000	2,4053	0,0409
65,0000	2,4429	0,0411
66,0000	2,4805	0,0411
67,0000	2,5181	0,0413
68,0000	2,5556	0,0418
69,0000	2,5932	0,0409
70,0000	2,6308	0,0415
71,0000	2,6684	0,0418
72,0000	2,7060	0,0415
73,0000	2,7436	0,0413
74,0000	2,7811	0,0420
75,0000	2,8187	0,0420
76,0000	2,8563	0,0415
77,0000	2,8939	0,0411
78,0000	2,9315	0,0418
79,0000	2,9691	0,0422
80,0000	3,0066	0,0420
81,0000	3,0442	0,0415
82,0000	3,0818	0,0418
83,0000	3,1194	0,0426
84,0000	3,1570	0,0418
85,0000	3,1946	0,0413
86,0000	3,2321	0,0418
87,0000	3,2697	0,0422
88,0000	3,3073	0,0415
89,0000	3,3449	0,0415
90,0000	3,3825	0,0426
91,0000	3,4201	0,0424
92,0000	3,4576	0,0418
93,0000	3,4952	0,0420
94,0000	3,5328	0,0420
95,0000	3,5704	0,0424
96,0000	3,6080	0,0422
97,0000	3,6456	0,0422
98,0000	3,6831	0,0424
99,0000	3,7207	0,0426
100,0000	3,7583	0,0415
101,0000	3,7959	0,0418
102,0000	3,8335	0,0420
103,0000	3,8711	0,0420
104,0000	3,9086	0,0424
105,0000	3,9462	0,0418
106,0000	3,9838	0,0428
107,0000	4,0214	0,0430
108,0000	4,0590	0,0424
109,0000	4,0965	0,0422
110,0000	4,1341	0,0439
111,0000	4,1717	0,0437
112,0000	4,2093	0,0426
113,0000	4,2469	0,0420
114,0000	4,2845	0,0435
115,0000	4,3220	0,0441
116,0000	4,3596	0,0433
117,0000	4,3972	0,0430
118,0000	4,4348	0,0433
119,0000	4,4724	0,0441
120,0000	4,5100	0,0437
121,0000	4,5475	0,0433
122,0000	4,5851	0,0433
123,0000	4,6227	0,0437
124,0000	4,6603	0,0428
125,0000	4,6979	0,0424
126,0000	4,7355	0,0435
127,0000	4,7730	0,0437
128,0000	4,8106	0,0424
129,0000	4,8482	0,0428
130,0000	4,8858	0,0430
131,0000	4,9234	0,0435
132,0000	4,9610	0,0435
133,0000	4,9985	0,0430
134,0000	5,0361	0,0437
135,0000	5,0737	0,0439
136,0000	5,1113	0,0424
137,0000	5,1489	0,0424
138,0000	5,1865	0,0439
139,0000	5,2240	0,0437
140,0000	5,2616	0,0428
141,0000	5,2992	0,0428
142,0000	5,3368	0,0435
143,0000	5,3744	0,0437
144,0000	5,4120	0,0435
145,0000	5,4495	0,0426
146,0000	5,4871	0,0437
147,0000	5,5247	0,0437
148,0000	5,5623	0,0430
149,0000	5,5999	0,0426
150,0000	5,6375	0,0435
151,0000	5,6750	0,0435
152,0000	5,7126	0,0428
153,0000	5,7502	0,0428
154,0000	5,7878	0,0426
155,0000	5,8254	0,0428
156,0000	5,8630	0,0424
157,0000	5,9005	0,0428
158,0000	5,9381	0,0428
159,0000	5,9757	0,0430
160,0000	6,0133	0,0413
161,0000	6,0509	0,0420
162,0000	6,0884	0,0424
163,0000	6,1260	0,0418
164,0000	6,1636	0,0418
165,0000	6,2012	0,0411
166,0000	6,2388	0,0420
167,0000	6,2764	0,0420
168,0000	6,3139	0,0415
169,0000	6,3515	0,0409
170,0000	6,3891	0,0409
171,0000	6,4267	0,0418
172,0000	6,4643	0,0405
173,0000	6,5019	0,0411
174,0000	6,5394	0,0426
175,0000	6,5770	0,0415
176,0000	6,6146	0,0413
177,0000	6,6522	0,0415
178,0000	6,6898	0,0420
179,0000	6,7274	0,0428
180,0000	6,7649	0,0415
181,0000	6,8025	0,0424
182,0000	6,8401	0,0437
183,0000	6,8777	0,0437
184,0000	6,9153	0,0433
185,0000	6,9529	0,0435
186,0000	6,9904	0,0439
187,0000	7,0280	0,0448
188,0000	7,0656	0,0443
189,0000	7,1032	0,0450
190,0000	7,1408	0,0458
191,0000	7,1784	0,0463
192,0000	7,2159	0,0448
193,0000	7,2535	0,0465
194,0000	7,2911	0,0471
195,0000	7,3287	0,0473
196,0000	7,3663	0,0463
197,0000	7,4039	0,0471
198,0000	7,4414	0,0478
199,0000	7,4790	0,0480
200,0000	7,5166	0,0471
201,0000	7,5542	0,0473
202,0000	7,5918	0,0484
203,0000	7,6294	0,0482
204,0000	7,6669	0,0473
205,0000	7,7045	0,0475
206,0000	7,7421	0,0482
207,0000	7,7797	0,0480
208,0000	7,8173	0,0478
209,0000	7,8549	0,0475
210,0000	7,8924	0,0488
211,0000	7,9300	0,0480
212,0000	7,9676	0,0469
213,0000	8,0052	0,0478
214,0000	8,0428	0,0480
215,0000	8,0803	0,0480
216,0000	8,1179	0,0478
217,0000	8,1555	0,0475
218,0000	8,1931	0,0482
219,0000	8,2307	0,0484
220,0000	8,2683	0,0473
221,0000	8,3058	0,0475
222,0000	8,3434	0,0482
223,0000	8,3810	0,0475
224,0000	8,4186	0,0467
225,0000	8,4562	0,0469
226,0000	8,4938	0,0473
227,0000	8,5313	0,0460
228,0000	8,5689	0,0456
229,0000	8,6065	0,0450
230,0000	8,6441	0,0458
231,0000	8,6817	0,0452
232,0000	8,7193	0,0445
233,0000	8,7568	0,0441
234,0000	8,7944	0,0443
235,0000	8,8320	0,0437
236,0000	8,8696	0,0422
237,0000	8,9072	0,0420
238,0000	8,9448	0,0426
239,0000	8,9823	0,0422
240,0000	9,0199	0,0424
241,0000	9,0575	0,0422
242,0000	9,0951	0,0422
243,0000	9,1327	0,0415
244,0000	9,1703	0,0407
245,0000	9,2078	0,0409
246,0000	9,2454	0,0420
247,0000	9,2830	0,0413
248,0000	9,3206	0,0411
249,0000	9,3582	0,0415
250,0000	9,3958	0,0415
251,0000	9,4333	0,0413
252,0000	9,4709	0,0405
253,0000	9,5085	0,0409
254,0000	9,5461	0,0415
255,0000	9,5837	0,0411
256,0000	9,6213	0,0409
257,0000	9,6588	0,0418
258,0000	9,6964	0,0407
259,0000	9,7340	0,0409
260,0000	9,7716	0,0407
261,0000	9,8092	0,0411
262,0000	9,8468	0,0422
263,0000	9,8843	0,0411
264,0000	9,9219	0,0409
265,0000	9,9595	0,0409
266,0000	9,9971	0,0420
267,0000	10,0347	0,0415
268,0000	10,0723	0,0405
269,0000	10,1098	0,0418
270,0000	10,1474	0,0418
271,0000	10,1850	0,0407
272,0000	10,2226	0,0409
273,0000	10,2602	0,0411
274,0000	10,2977	0,0413
275,0000	10,3353	0,0403
276,0000	10,3729	0,0405
277,0000	10,4105	0,0409
278,0000	10,4481	0,0413
279,0000	10,4857	0,0413
280,0000	10,5232	0,0405
281,0000	10,5608	0,0413
282,0000	10,5984	0,0413
283,0000	10,6360	0,0411
284,0000	10,6736	0,0407
285,0000	10,7112	0,0409
286,0000	10,7487	0,0418
287,0000	10,7863	0,0411
288,0000	10,8239	0,0407
289,0000	10,8615	0,0409
290,0000	10,8991	0,0407
291,0000	10,9367	0,0411
292,0000	10,9742	0,0400
293,0000	11,0118	0,0413
294,0000	11,0494	0,0413
295,0000	11,0870	0,0409
296,0000	11,1246	0,0411
297,0000	11,1622	0,0407
298,0000	11,1997	0,0413
299,0000	11,2373	0,0403
300,0000	11,2749	0,0409
301,0000	11,3125	0,0415
302,0000	11,3501	0,0409
303,0000	11,3877	0,0400
304,0000	11,4252	0,0407
305,0000	11,4628	0,0409
306,0000	11,5004	0,0422
307,0000	11,5380	0,0411
308,0000	11,5756	0,0405
309,0000	11,6132	0,0411
310,0000	11,6507	0,0418
311,0000	11,6883	0,0398
312,0000	11,7259	0,0409
313,0000	11,7635	0,0405
314,0000	11,8011	0,0405
315,0000	11,8387	0,0407
316,0000	11,8762	0,0398
317,0000	11,9138	0,0405
318,0000	11,9514	0,0409
319,0000	11,9890	0,0400
320,0000	12,0266	0,0394
321,0000	12,0642	0,0405
322,0000	12,1017	0,0407
323,0000	12,1393	0,0400
324,0000	12,1769	0,0390
325,0000	12,2145	0,0400
326,0000	12,2521	0,0398
327,0000	12,2896	0,0392
328,0000	12,3272	0,0387
329,0000	12,3648	0,0396
330,0000	12,4024	0,0398
331,0000	12,4400	0,0394
332,0000	12,4776	0,0390
333,0000	12,5151	0,0398
334,0000	12,5527	0,0398
335,0000	12,5903	0,0394
336,0000	12,6279	0,0392
337,0000	12,6655	0,0394
338,0000	12,7031	0,0400
339,0000	12,7406	0,0385
340,0000	12,7782	0,0392
341,0000	12,8158	0,0392
342,0000	12,8534	0,0396
343,0000	12,8910	0,0385
344,0000	12,9286	0,0385
345,0000	12,9661	0,0394
346,0000	13,0037	0,0398
347,0000	13,0413	0,0387
348,0000	13,0789	0,0394
349,0000	13,1165	0,0407
350,0000	13,1541	0,0403
351,0000	13,1916	0,0407
352,0000	13,2292	0,0409
353,0000	13,2668	0,0413
354,0000	13,3044	0,0413
355,0000	13,3420	0,0409
356,0000	13,3796	0,0411
357,0000	13,4171	0,0418
358,0000	13,4547	0,0418
359,0000	13,4923	0,0415
360,0000	13,5299	0,0409
361,0000	13,5675	0,0415
362,0000	13,6051	0,0415
363,0000	13,6426	0,0407
364,0000	13,6802	0,0415
365,0000	13,7178	0,0413
366,0000	13,7554	0,0413
367,0000	13,7930	0,0409
368,0000	13,8306	0,0411
369,0000	13,8681	0,0409
370,0000	13,9057	0,0411
371,0000	13,9433	0,0409
372,0000	13,9809	0,0405
373,0000	14,0185	0,0411
374,0000	14,0561	0,0405
375,0000	14,0936	0,0398
376,0000	14,1312	0,0407
377,0000	14,1688	0,0413
378,0000	14,2064	0,0415
379,0000	14,2440	0,0413
380,0000	14,2815	0,0411
381,0000	14,3191	0,0415
382,0000	14,3567	0,0411
383,0000	14,3943	0,0407
384,0000	14,4319	0,0400
385,0000	14,4695	0,0411
386,0000	14,5070	0,0413
387,0000	14,5446	0,0405
388,0000	14,5822	0,0400
389,0000	14,6198	0,0413
390,0000	14,6574	0,0407
391,0000	14,6950	0,0403
392,0000	14,7325	0,0407
393,0000	14,7701	0,0407
394,0000	14,8077	0,0405
395,0000	14,8453	0,0403
396,0000	14,8829	0,0411
397,0000	14,9205	0,0409
398,0000	14,9580	0,0407
399,0000	14,9956	0,0407
400,0000	15,0332	0,0398
401,0000	15,0708	0,0413
402,0000	15,1084	0,0405
403,0000	15,1460	0,0400
404,0000	15,1835	0,0407
405,0000	15,2211	0,0407
406,0000	15,2587	0,0407
407,0000	15,2963	0,0400
408,0000	15,3339	0,0398
409,0000	15,3715	0,0409
410,0000	15,4090	0,0403
411,0000	15,4466	0,0409
412,0000	15,4842	0,0398
413,0000	15,5218	0,0403
414,0000	15,5594	0,0409
415,0000	15,5970	0,0405
416,0000	15,6345	0,0405
417,0000	15,6721	0,0409
418,0000	15,7097	0,0405
419,0000	15,7473	0,0400
420,0000	15,7849	0,0400
421,0000	15,8225	0,0415
422,0000	15,8600	0,0409
423,0000	15,8976	0,0400
424,0000	15,9352	0,0398
425,0000	15,9728	0,0411
426,0000	16,0104	0,0409
427,0000	16,0480	0,0407
428,0000	16,0855	0,0407
429,0000	16,1231	0,0413
430,0000	16,1607	0,0400
431,0000	16,1983	0,0405
432,0000	16,2359	0,0407
433,0000	16,2734	0,0413
434,0000	16,3110	0,0411
435,0000	16,3486	0,0411
436,0000	16,3862	0,0411
437,0000	16,4238	0,0418
438,0000	16,4614	0,0415
439,0000	16,4989	0,0415
440,0000	16,5365	0,0415
441,0000	16,5741	0,0422
442,0000	16,6117	0,0420
443,0000	16,6493	0,0413
444,0000	16,6869	0,0413
445,0000	16,7244	0,0422
446,0000	16,7620	0,0422
447,0000	16,7996	0,0415
448,0000	16,8372	0,0420
449,0000	16,8748	0,0426
450,0000	16,9124	0,0422
451,0000	16,9499	0,0424
452,0000	16,9875	0,0424
453,0000	17,0251	0,0430
454,0000	17,0627	0,0428
455,0000	17,1003	0,0418
456,0000	17,1379	0,0428
457,0000	17,1754	0,0430
458,0000	17,2130	0,0430
459,0000	17,2506	0,0424
460,0000	17,2882	0,0433
461,0000	17,3258	0,0435
462,0000	17,3634	0,0435
463,0000	17,4009	0,0430
464,0000	17,4385	0,0426
465,0000	17,4761	0,0443
466,0000	17,5137	0,0441
467,0000	17,5513	0,0430
468,0000	17,5889	0,0428
469,0000	17,6264	0,0437
470,0000	17,6640	0,0433
471,0000	17,7016	0,0430
472,0000	17,7392	0,0433
473,0000	17,7768	0,0433
474,0000	17,8144	0,0435
475,0000	17,8519	0,0430
476,0000	17,8895	0,0428
477,0000	17,9271	0,0437
478,0000	17,9647	0,0430
479,0000	18,0023	0,0426
480,0000	18,0399	0,0430
481,0000	18,0774	0,0430
482,0000	18,1150	0,0430
483,0000	18,1526	0,0424
484,0000	18,1902	0,0430
485,0000	18,2278	0,0430
486,0000	18,2653	0,0420
487,0000	18,3029	0,0413
488,0000	18,3405	0,0430
489,0000	18,3781	0,0424
490,0000	18,4157	0,0422
491,0000	18,4533	0,0418
492,0000	18,4908	0,0418
493,0000	18,5284	0,0428
494,0000	18,5660	0,0413
495,0000	18,6036	0,0413
496,0000	18,6412	0,0415
497,0000	18,6788	0,0422
498,0000	18,7163	0,0413
499,0000	18,7539	0,0413
500,0000	18,7915	0,0420
501,0000	18,8291	0,0424
502,0000	18,8667	0,0418
503,0000	18,9043	0,0413
504,0000	18,9418	0,0413
505,0000	18,9794	0,0418
506,0000	19,0170	0,0420
507,0000	19,0546	0,0413
508,0000	19,0922	0,0420
509,0000	19,1298	0,0420
510,0000	19,1673	0,0418
511,0000	19,2049	0,0415
512,0000	19,2425	0,0420
513,0000	19,2801	0,0422
514,0000	19,3177	0,0420
515,0000	19,3553	0,0418
516,0000	19,3928	0,0428
517,0000	19,4304	0,0428
518,0000	19,4680	0,0424
519,0000	19,5056	0,0422
520,0000	19,5432	0,0424
521,0000	19,5808	0,0437
522,0000	19,6183	0,0422
523,0000	19,6559	0,0426
524,0000	19,6935	0,0433
525,0000	19,7311	0,0437
526,0000	19,7687	0,0435
527,0000	19,8063	0,0430
528,0000	19,8438	0,0439
529,0000	19,8814	0,0439
530,0000	19,9190	0,0435
531,0000	19,9566	0,0433
532,0000	19,9942	0,0441
533,0000	20,0318	0,0437
534,0000	20,0693	0,0433
535,0000	20,1069	0,0433
536,0000	20,1445	0,0441
537,0000	20,1821	0,0441
538,0000	20,2197	0,0439
539,0000	20,2572	0,0435
540,0000	20,2948	0,0441
541,0000	20,3324	0,0445
542,0000	20,3700	0,0441
543,0000	20,4076	0,0435
544,0000	20,4452	0,0435
545,0000	20,4827	0,0441
546,0000	20,5203	0,0428
547,0000	20,5579	0,0437
548,0000	20,5955	0,0437
549,0000	20,6331	0,0437
550,0000	20,6707	0,0430
551,0000	20,7082	0,0428
552,0000	20,7458	0,0430
553,0000	20,7834	0,0433
554,0000	20,8210	0,0426
555,0000	20,8586	0,0422
556,0000	20,8962	0,0428
557,0000	20,9337	0,0435
558,0000	20,9713	0,0420
559,0000	21,0089	0,0413
560,0000	21,0465	0,0424
561,0000	21,0841	0,0426
562,0000	21,1217	0,0411
563,0000	21,1592	0,0420
564,0000	21,1968	0,0420
565,0000	21,2344	0,0420
566,0000	21,2720	0,0411
567,0000	21,3096	0,0409
568,0000	21,3472	0,0420
569,0000	21,3847	0,0418
570,0000	21,4223	0,0405
571,0000	21,4599	0,0411
572,0000	21,4975	0,0411
573,0000	21,5351	0,0413
574,0000	21,5727	0,0400
575,0000	21,6102	0,0398
576,0000	21,6478	0,0405
577,0000	21,6854	0,0409
578,0000	21,7230	0,0396
579,0000	21,7606	0,0409
580,0000	21,7982	0,0405
581,0000	21,8357	0,0409
582,0000	21,8733	0,0400
583,0000	21,9109	0,0405
584,0000	21,9485	0,0409
585,0000	21,9861	0,0409
586,0000	22,0237	0,0398
587,0000	22,0612	0,0405
588,0000	22,0988	0,0409
589,0000	22,1364	0,0413
590,0000	22,1740	0,0409
591,0000	22,2116	0,0403
592,0000	22,2491	0,0415
593,0000	22,2867	0,0413
594,0000	22,3243	0,0405
595,0000	22,3619	0,0411
596,0000	22,3995	0,0420
597,0000	22,4371	0,0418
598,0000	22,4746	0,0409
599,0000	22,5122	0,0413
600,0000	22,5498	0,0420
601,0000	22,5874	0,0420
602,0000	22,6250	0,0411
603,0000	22,6626	0,0415
604,0000	22,7001	0,0424
605,0000	22,7377	0,0424
606,0000	22,7753	0,0420
607,0000	22,8129	0,0422
608,0000	22,8505	0,0422
609,0000	22,8881	0,0426
610,0000	22,9256	0,0420
611,0000	22,9632	0,0420
612,0000	23,0008	0,0424
613,0000	23,0384	0,0426
614,0000	23,0760	0,0420
615,0000	23,1136	0,0418
616,0000	23,1511	0,0430
617,0000	23,1887	0,0426
618,0000	23,2263	0,0415
619,0000	23,2639	0,0418
620,0000	23,3015	0,0424
621,0000	23,3391	0,0418
622,0000	23,3766	0,0418
623,0000	23,4142	0,0422
624,0000	23,4518	0,0426
625,0000	23,4894	0,0428
626,0000	23,5270	0,0418
627,0000	23,5646	0,0420
628,0000	23,6021	0,0426
629,0000	23,6397	0,0422
630,0000	23,6773	0,0420
631,0000	23,7149	0,0422
632,0000	23,7525	0,0424
633,0000	23,7901	0,0415
634,0000	23,8276	0,0405
635,0000	23,8652	0,0415
636,0000	23,9028	0,0413
637,0000	23,9404	0,0415
638,0000	23,9780	0,0403
639,0000	24,0156	0,0411
640,0000	24,0531	0,0409
641,0000	24,0907	0,0413
642,0000	24,1283	0,0400
643,0000	24,1659	0,0413
644,0000	24,2035	0,0409
645,0000	24,2410	0,0411
646,0000	24,2786	0,0407
647,0000	24,3162	0,0405
648,0000	24,3538	0,0407
649,0000	24,3914	0,0407
650,0000	24,4290	0,0409
651,0000	24,4665	0,0405
652,0000	24,5041	0,0415
653,0000	24,5417	0,0398
654,0000	24,5793	0,0403
655,0000	24,6169	0,0394
656,0000	24,6545	0,0403
657,0000	24,6920	0,0405
658,0000	24,7296	0,0398
659,0000	24,7672	0,0390
660,0000	24,8048	0,0398
661,0000	24,8424	0,0398
662,0000	24,8800	0,0390
663,0000	24,9175	0,0385
664,0000	24,9551	0,0398
665,0000	24,9927	0,0398
666,0000	25,0303	0,0392
667,0000	25,0679	0,0392
668,0000	25,1055	0,0400
669,0000	25,1430	0,0390
670,0000	25,1806	0,0390
671,0000	25,2182	0,0392
672,0000	25,2558	0,0400
673,0000	25,2934	0,0400
674,0000	25,3310	0,0398
675,0000	25,3685	0,0398
676,0000	25,4061	0,0403
677,0000	25,4437	0,0405
678,0000	25,4813	0,0398
679,0000	25,5189	0,0405
680,0000	25,5565	0,0409
681,0000	25,5940	0,0403
682,0000	25,6316	0,0405
683,0000	25,6692	0,0407
684,0000	25,7068	0,0422
685,0000	25,7444	0,0413
686,0000	25,7820	0,0413
687,0000	25,8195	0,0418
688,0000	25,8571	0,0424
689,0000	25,8947	0,0420
690,0000	25,9323	0,0413
691,0000	25,9699	0,0426
692,0000	26,0075	0,0428
693,0000	26,0450	0,0428
694,0000	26,0826	0,0420
695,0000	26,1202	0,0430
696,0000	26,1578	0,0433
697,0000	26,1954	0,0437
698,0000	26,2329	0,0433
699,0000	26,2705	0,0435
700,0000	26,3081	0,0439
701,0000	26,3457	0,0437
702,0000	26,3833	0,0435
703,0000	26,4209	0,0437
704,0000	26,4584	0,0443
705,0000	26,4960	0,0443
706,0000	26,5336	0,0435
707,0000	26,5712	0,0437
708,0000	26,6088	0,0443
709,0000	26,6464	0,0435
710,0000	26,6839	0,0437
711,0000	26,7215	0,0437
712,0000	26,7591	0,0441
713,0000	26,7967	0,0433
714,0000	26,8343	0,0435
715,0000	26,8719	0,0441
716,0000	26,9094	0,0439
717,0000	26,9470	0,0435
718,0000	26,9846	0,0430
719,0000	27,0222	0,0430
720,0000	27,0598	0,0433
721,0000	27,0974	0,0420
722,0000	27,1349	0,0426
723,0000	27,1725	0,0418
724,0000	27,2101	0,0426
725,0000	27,2477	0,0420
726,0000	27,2853	0,0418
727,0000	27,3229	0,0418
728,0000	27,3604	0,0415
729,0000	27,3980	0,0405
730,0000	27,4356	0,0407
731,0000	27,4732	0,0405
732,0000	27,5108	0,0400
733,0000	27,5484	0,0400
734,0000	27,5859	0,0394
735,0000	27,6235	0,0403
736,0000	27,6611	0,0407
737,0000	27,6987	0,0392
738,0000	27,7363	0,0390
739,0000	27,7739	0,0396
740,0000	27,8114	0,0394
741,0000	27,8490	0,0387
742,0000	27,8866	0,0387
743,0000	27,9242	0,0383
744,0000	27,9618	0,0383
745,0000	27,9994	0,0379
746,0000	28,0369	0,0379
747,0000	28,0745	0,0372
748,0000	28,1121	0,0390
749,0000	28,1497	0,0375
750,0000	28,1873	0,0372
751,0000	28,2249	0,0377
752,0000	28,2624	0,0387
753,0000	28,3000	0,0383
754,0000	28,3376	0,0372
755,0000	28,3752	0,0385
756,0000	28,4128	0,0400
757,0000	28,4503	0,0392
758,0000	28,4879	0,0387
759,0000	28,5255	0,0396
760,0000	28,5631	0,0400
761,0000	28,6007	0,0405
762,0000	28,6383	0,0398
763,0000	28,6758	0,0400
764,0000	28,7134	0,0411
765,0000	28,7510	0,0403
766,0000	28,7886	0,0407
767,0000	28,8262	0,0400
768,0000	28,8638	0,0415
769,0000	28,9013	0,0411
770,0000	28,9389	0,0403
771,0000	28,9765	0,0415
772,0000	29,0141	0,0413
773,0000	29,0517	0,0415
774,0000	29,0893	0,0409
775,0000	29,1268	0,0415
776,0000	29,1644	0,0418
777,0000	29,2020	0,0415
778,0000	29,2396	0,0411
779,0000	29,2772	0,0422
780,0000	29,3148	0,0420
781,0000	29,3523	0,0418
782,0000	29,3899	0,0415
783,0000	29,4275	0,0422
784,0000	29,4651	0,0424
785,0000	29,5027	0,0420
786,0000	29,5403	0,0418
787,0000	29,5778	0,0422
788,0000	29,6154	0,0422
789,0000	29,6530	0,0415
790,0000	29,6906	0,0413
791,0000	29,7282	0,0428
792,0000	29,7658	0,0422
793,0000	29,8033	0,0413
794,0000	29,8409	0,0411
795,0000	29,8785	0,0418
796,0000	29,9161	0,0430
797,0000	29,9537	0,0409
798,0000	29,9913	0,0415
799,0000	30,0288	0,0415
800,0000	30,0664	0,0413
801,0000	30,1040	0,0407
802,0000	30,1416	0,0411
803,0000	30,1792	0,0411
804,0000	30,2168	0,0413
805,0000	30,2543	0,0405
806,0000	30,2919	0,0396
807,0000	30,3295	0,0407
808,0000	30,3671	0,0407
809,0000	30,4047	0,0394
810,0000	30,4422	0,0392
811,0000	30,4798	0,0398
812,0000	30,5174	0,0398
813,0000	30,5550	0,0390
814,0000	30,5926	0,0390
815,0000	30,6302	0,0398
816,0000	30,6677	0,0398
817,0000	30,7053	0,0394
818,0000	30,7429	0,0387
819,0000	30,7805	0,0392
820,0000	30,8181	0,0396
821,0000	30,8557	0,0381
822,0000	30,8932	0,0381
823,0000	30,9308	0,0392
824,0000	30,9684	0,0390
825,0000	31,0060	0,0381
826,0000	31,0436	0,0383
827,0000	31,0812	0,0392
828,0000	31,1187	0,0390
829,0000	31,1563	0,0381
830,0000	31,1939	0,0375
831,0000	31,2315	0,0385
832,0000	31,2691	0,0385
833,0000	31,3067	0,0377
834,0000	31,3442	0,0385
835,0000	31,3818	0,0387
836,0000	31,4194	0,0390
837,0000	31,4570	0,0385
838,0000	31,4946	0,0385
839,0000	31,5322	0,0385
840,0000	31,5697	0,0398
841,0000	31,6073	0,0387
842,0000	31,6449	0,0394
843,0000	31,6825	0,0394
844,0000	31,7201	0,0396
845,0000	31,7577	0,0394
846,0000	31,7952	0,0387
847,0000	31,8328	0,0398
848,0000	31,8704	0,0409
849,0000	31,9080	0,0394
850,0000	31,9456	0,0403
851,0000	31,9832	0,0403
852,0000	32,0207	0,0409
853,0000	32,0583	0,0403
854,0000	32,0959	0,0409
855,0000	32,1335	0,0424
856,0000	32,1711	0,0413
857,0000	32,2087	0,0409
858,0000	32,2462	0,0409
859,0000	32,2838	0,0424
860,0000	32,3214	0,0424
861,0000	32,3590	0,0420
862,0000	32,3966	0,0418
863,0000	32,4341	0,0426
864,0000	32,4717	0,0428
865,0000	32,5093	0,0415
866,0000	32,5469	0,0424
867,0000	32,5845	0,0426
868,0000	32,6221	0,0435
869,0000	32,6596	0,0428
870,0000	32,6972	0,0426
871,0000	32,7348	0,0437
872,0000	32,7724	0,0433
873,0000	32,8100	0,0435
874,0000	32,8476	0,0437
875,0000	32,8851	0,0433
876,0000	32,9227	0,0437
877,0000	32,9603	0,0426
878,0000	32,9979	0,0424
879,0000	33,0355	0,0430
880,0000	33,0731	0,0437
881,0000	33,1106	0,0430
882,0000	33,1482	0,0426
883,0000	33,1858	0,0430
884,0000	33,2234	0,0433
885,0000	33,2610	0,0422
886,0000	33,2986	0,0420
887,0000	33,3361	0,0420
888,0000	33,3737	0,0415
889,0000	33,4113	0,0411
890,0000	33,4489	0,0418
891,0000	33,4865	0,0422
892,0000	33,5241	0,0409
893,0000	33,5616	0,0407
894,0000	33,5992	0,0407
895,0000	33,6368	0,0400
896,0000	33,6744	0,0405
897,0000	33,7120	0,0396
898,0000	33,7496	0,0403
899,0000	33,7871	0,0405
900,0000	33,8247	0,0394
901,0000	33,8623	0,0392
902,0000	33,8999	0,0394
903,0000	33,9375	0,0398
904,0000	33,9751	0,0390
905,0000	34,0126	0,0385
906,0000	34,0502	0,0385
907,0000	34,0878	0,0390
908,0000	34,1254	0,0387
909,0000	34,1630	0,0379
910,0000	34,2006	0,0383
911,0000	34,2381	0,0392
912,0000	34,2757	0,0387
913,0000	34,3133	0,0375
914,0000	34,3509	0,0385
915,0000	34,3885	0,0392
916,0000	34,4260	0,0390
917,0000	34,4636	0,0381
918,0000	34,5012	0,0383
919,0000	34,5388	0,0400
920,0000	34,5764	0,0394
921,0000	34,6140	0,0390
922,0000	34,6515	0,0394
923,0000	34,6891	0,0396
924,0000	34,7267	0,0398
925,0000	34,7643	0,0400
926,0000	34,8019	0,0407
927,0000	34,8395	0,0411
928,0000	34,8770	0,0407
929,0000	34,9146	0,0409
930,0000	34,9522	0,0411
931,0000	34,9898	0,0422
932,0000	35,0274	0,0418
933,0000	35,0650	0,0415
934,0000	35,1025	0,0428
935,0000	35,1401	0,0428
936,0000	35,1777	0,0426
937,0000	35,2153	0,0430
938,0000	35,2529	0,0437
939,0000	35,2905	0,0443
940,0000	35,3280	0,0441
941,0000	35,3656	0,0439
942,0000	35,4032	0,0443
943,0000	35,4408	0,0448
944,0000	35,4784	0,0445
945,0000	35,5160	0,0443
946,0000	35,5535	0,0450
947,0000	35,5911	0,0456
948,0000	35,6287	0,0452
949,0000	35,6663	0,0445
950,0000	35,7039	0,0456
951,0000	35,7415	0,0458
952,0000	35,7790	0,0452
953,0000	35,8166	0,0448
954,0000	35,8542	0,0450
955,0000	35,8918	0,0454
956,0000	35,9294	0,0456
957,0000	35,9670	0,0441
958,0000	36,0045	0,0445
959,0000	36,0421	0,0443
960,0000	36,0797	0,0443
961,0000	36,1173	0,0437
962,0000	36,1549	0,0443
963,0000	36,1925	0,0441
964,0000	36,2300	0,0435
965,0000	36,2676	0,0435
966,0000	36,3052	0,0435
967,0000	36,3428	0,0433
968,0000	36,3804	0,0430
969,0000	36,4179	0,0430
970,0000	36,4555	0,0426
971,0000	36,4931	0,0422
972,0000	36,5307	0,0420
973,0000	36,5683	0,0411
974,0000	36,6059	0,0418
975,0000	36,6434	0,0420
976,0000	36,6810	0,0409
977,0000	36,7186	0,0411
978,0000	36,7562	0,0407
979,0000	36,7938	0,0411
980,0000	36,8314	0,0396
981,0000	36,8689	0,0394
982,0000	36,9065	0,0396
983,0000	36,9441	0,0398
984,0000	36,9817	0,0394
985,0000	37,0193	0,0387
986,0000	37,0569	0,0394
987,0000	37,0944	0,0396
988,0000	37,1320	0,0383
989,0000	37,1696	0,0385
990,0000	37,2072	0,0385
991,0000	37,2448	0,0390
992,0000	37,2824	0,0385
993,0000	37,3199	0,0385
994,0000	37,3575	0,0392
995,0000	37,3951	0,0396
996,0000	37,4327	0,0385
997,0000	37,4703	0,0387
998,0000	37,5079	0,0390
999,0000	37,5454	0,0394
1000,0000	37,5830	0,0390
1001,0000	37,6206	0,0387
1002,0000	37,6582	0,0400
1003,0000	37,6958	0,0396
1004,0000	37,7334	0,0398
1005,0000	37,7709	0,0400
1006,0000	37,8085	0,0411
1007,0000	37,8461	0,0420
1008,0000	37,8837	0,0411
1009,0000	37,9213	0,0415
1010,0000	37,9589	0,0424
1011,0000	37,9964	0,0418
1012,0000	38,0340	0,0422
1013,0000	38,0716	0,0422
1014,0000	38,1092	0,0430
1015,0000	38,1468	0,0437
1016,0000	38,1844	0,0433
1017,0000	38,2219	0,0435
1018,0000	38,2595	0,0441
1019,0000	38,2971	0,0445
1020,0000	38,3347	0,0443
1021,0000	38,3723	0,0445
1022,0000	38,4098	0,0452
1023,0000	38,4474	0,0452
1024,0000	38,4850	0,0450
1025,0000	38,5226	0,0456
1026,0000	38,5602	0,0465
1027,0000	38,5978	0,0463
1028,0000	38,6353	0,0456
1029,0000	38,6729	0,0456
1030,0000	38,7105	0,0465
1031,0000	38,7481	0,0465
1032,0000	38,7857	0,0463
1033,0000	38,8233	0,0460
1034,0000	38,8608	0,0463
1035,0000	38,8984	0,0473
1036,0000	38,9360	0,0460
1037,0000	38,9736	0,0458
1038,0000	39,0112	0,0467
1039,0000	39,0488	0,0467
1040,0000	39,0863	0,0460
1041,0000	39,1239	0,0458
1042,0000	39,1615	0,0460
1043,0000	39,1991	0,0467
1044,0000	39,2367	0,0456
1045,0000	39,2743	0,0450
1046,0000	39,3118	0,0452
1047,0000	39,3494	0,0445
1048,0000	39,3870	0,0441
1049,0000	39,4246	0,0433
1050,0000	39,4622	0,0443
1051,0000	39,4998	0,0435
1052,0000	39,5373	0,0426
1053,0000	39,5749	0,0420
1054,0000	39,6125	0,0428
1055,0000	39,6501	0,0418
1056,0000	39,6877	0,0409
1057,0000	39,7253	0,0413
1058,0000	39,7628	0,0411
1059,0000	39,8004	0,0409
1060,0000	39,8380	0,0394
1061,0000	39,8756	0,0396
1062,0000	39,9132	0,0394
1063,0000	39,9508	0,0403
1064,0000	39,9883	0,0392
1065,0000	40,0259	0,0383
1066,0000	40,0635	0,0394
1067,0000	40,1011	0,0390
1068,0000	40,1387	0,0381
1069,0000	40,1763	0,0381
1070,0000	40,2138	0,0385
1071,0000	40,2514	0,0387
1072,0000	40,2890	0,0375
1073,0000	40,3266	0,0375
1074,0000	40,3642	0,0383
1075,0000	40,4017	0,0381
1076,0000	40,4393	0,0368
1077,0000	40,4769	0,0381
1078,0000	40,5145	0,0381
1079,0000	40,5521	0,0390
1080,0000	40,5897	0,0375
1081,0000	40,6272	0,0381
1082,0000	40,6648	0,0394
1083,0000	40,7024	0,0394
1084,0000	40,7400	0,0390
1085,0000	40,7776	0,0396
1086,0000	40,8152	0,0400
1087,0000	40,8527	0,0403
1088,0000	40,8903	0,0396
1089,0000	40,9279	0,0405
1090,0000	40,9655	0,0418
1091,0000	41,0031	0,0420
1092,0000	41,0407	0,0415
1093,0000	41,0782	0,0420
1094,0000	41,1158	0,0428
1095,0000	41,1534	0,0433
1096,0000	41,1910	0,0430
1097,0000	41,2286	0,0437
1098,0000	41,2662	0,0443
1099,0000	41,3037	0,0448
1100,0000	41,3413	0,0443
1101,0000	41,3789	0,0443
1102,0000	41,4165	0,0456
1103,0000	41,4541	0,0454
1104,0000	41,4917	0,0454
1105,0000	41,5292	0,0458
1106,0000	41,5668	0,0463
1107,0000	41,6044	0,0469
1108,0000	41,6420	0,0458
1109,0000	41,6796	0,0460
1110,0000	41,7172	0,0475
1111,0000	41,7547	0,0478
1112,0000	41,7923	0,0471
1113,0000	41,8299	0,0471
1114,0000	41,8675	0,0473
1115,0000	41,9051	0,0471
1116,0000	41,9427	0,0467
1117,0000	41,9802	0,0471
1118,0000	42,0178	0,0469
1119,0000	42,0554	0,0469
1120,0000	42,0930	0,0467
1121,0000	42,1306	0,0469
1122,0000	42,1682	0,0471
1123,0000	42,2057	0,0467
1124,0000	42,2433	0,0452
1125,0000	42,2809	0,0456
1126,0000	42,3185	0,0452
1127,0000	42,3561	0,0456
1128,0000	42,3936	0,0445
1129,0000	42,4312	0,0443
1130,0000	42,4688	0,0450
1131,0000	42,5064	0,0445
1132,0000	42,5440	0,0433
1133,0000	42,5816	0,0424
1134,0000	42,6191	0,0430
1135,0000	42,6567	0,0426
1136,0000	42,6943	0,0413
1137,0000	42,7319	0,0420
1138,0000	42,7695	0,0415
1139,0000	42,8071	0,0415
1140,0000	42,8446	0,0409
1141,0000	42,8822	0,0403
1142,0000	42,9198	0,0403
1143,0000	42,9574	0,0400
1144,0000	42,9950	0,0394
1145,0000	43,0326	0,0390
1146,0000	43,0701	0,0400
1147,0000	43,1077	0,0392
1148,0000	43,1453	0,0385
1149,0000	43,1829	0,0385
1150,0000	43,2205	0,0392
1151,0000	43,2581	0,0390
1152,0000	43,2956	0,0383
1153,0000	43,3332	0,0385
1154,0000	43,3708	0,0392
1155,0000	43,4084	0,0392
1156,0000	43,4460	0,0385
1157,0000	43,4836	0,0390
1158,0000	43,5211	0,0400
1159,0000	43,5587	0,0396
1160,0000	43,5963	0,0396
1161,0000	43,6339	0,0398
1162,0000	43,6715	0,0409
1163,0000	43,7091	0,0409
1164,0000	43,7466	0,0407
1165,0000	43,7842	0,0411
1166,0000	43,8218	0,0428
1167,0000	43,8594	0,0424
1168,0000	43,8970	0,0426
1169,0000	43,9346	0,0433
1170,0000	43,9721	0,0441
1171,0000	44,0097	0,0452
1172,0000	44,0473	0,0445
1173,0000	44,0849	0,0454
1174,0000	44,1225	0,0471
1175,0000	44,1601	0,0469
1176,0000	44,1976	0,0473
1177,0000	44,2352	0,0484
1178,0000	44,2728	0,0497
1179,0000	44,3104	0,0491
1180,0000	44,3480	0,0488
1181,0000	44,3855	0,0501
1182,0000	44,4231	0,0510
1183,0000	44,4607	0,0512
1184,0000	44,4983	0,0512
1185,0000	44,5359	0,0516
1186,0000	44,5735	0,0525
1187,0000	44,6110	0,0521
1188,0000	44,6486	0,0518
1189,0000	44,6862	0,0529
1190,0000	44,7238	0,0536
1191,0000	44,7614	0,0531
1192,0000	44,7990	0,0531
1193,0000	44,8365	0,0529
1194,0000	44,8741	0,0542
1195,0000	44,9117	0,0525
1196,0000	44,9493	0,0523
1197,0000	44,9869	0,0525
1198,0000	45,0245	0,0531
1199,0000	45,0620	0,0518
1200,0000	45,0996	0,0516
1201,0000	45,1372	0,0514
1202,0000	45,1748	0,0514
1203,0000	45,2124	0,0508
1204,0000	45,2500	0,0503
1205,0000	45,2875	0,0499
1206,0000	45,3251	0,0491
1207,0000	45,3627	0,0482
1208,0000	45,4003	0,0471
1209,0000	45,4379	0,0467
1210,0000	45,4755	0,0473
1211,0000	45,5130	0,0463
1212,0000	45,5506	0,0454
1213,0000	45,5882	0,0454
1214,0000	45,6258	0,0445
1215,0000	45,6634	0,0437
1216,0000	45,7010	0,0430
1217,0000	45,7385	0,0430
1218,0000	45,7761	0,0422
1219,0000	45,8137	0,0422
1220,0000	45,8513	0,0411
1221,0000	45,8889	0,0407
1222,0000	45,9265	0,0407
1223,0000	45,9640	0,0407
1224,0000	46,0016	0,0392
1225,0000	46,0392	0,0400
1226,0000	46,0768	0,0396
1227,0000	46,1144	0,0394
1228,0000	46,1520	0,0383
1229,0000	46,1895	0,0392
1230,0000	46,2271	0,0392
1231,0000	46,2647	0,0390
1232,0000	46,3023	0,0383
1233,0000	46,3399	0,0392
1234,0000	46,3775	0,0390
1235,0000	46,4150	0,0390
1236,0000	46,4526	0,0396
1237,0000	46,4902	0,0403
1238,0000	46,5278	0,0409
1239,0000	46,5654	0,0405
1240,0000	46,6029	0,0405
1241,0000	46,6405	0,0422
1242,0000	46,6781	0,0428
1243,0000	46,7157	0,0430
1244,0000	46,7533	0,0428
1245,0000	46,7909	0,0443
1246,0000	46,8284	0,0454
1247,0000	46,8660	0,0456
1248,0000	46,9036	0,0458
1249,0000	46,9412	0,0480
1250,0000	46,9788	0,0491
1251,0000	47,0164	0,0488
1252,0000	47,0539	0,0493
1253,0000	47,0915	0,0512
1254,0000	47,1291	0,0533
1255,0000	47,1667	0,0536
1256,0000	47,2043	0,0538
1257,0000	47,2419	0,0553
1258,0000	47,2794	0,0561
1259,0000	47,3170	0,0563
1260,0000	47,3546	0,0574
1261,0000	47,3922	0,0583
1262,0000	47,4298	0,0596
1263,0000	47,4674	0,0591
1264,0000	47,5049	0,0600
1265,0000	47,5425	0,0615
1266,0000	47,5801	0,0628
1267,0000	47,6177	0,0626
1268,0000	47,6553	0,0626
1269,0000	47,6929	0,0639
1270,0000	47,7304	0,0643
1271,0000	47,7680	0,0634
1272,0000	47,8056	0,0634
1273,0000	47,8432	0,0639
1274,0000	47,8808	0,0643
1275,0000	47,9184	0,0641
1276,0000	47,9559	0,0641
1277,0000	47,9935	0,0639
1278,0000	48,0311	0,0643
1279,0000	48,0687	0,0634
1280,0000	48,1063	0,0628
1281,0000	48,1439	0,0626
1282,0000	48,1814	0,0626
1283,0000	48,2190	0,0621
1284,0000	48,2566	0,0613
1285,0000	48,2942	0,0615
1286,0000	48,3318	0,0600
1287,0000	48,3694	0,0591
1288,0000	48,4069	0,0589
1289,0000	48,4445	0,0579
1290,0000	48,4821	0,0581
1291,0000	48,5197	0,0557
1292,0000	48,5573	0,0551
1293,0000	48,5948	0,0553
1294,0000	48,6324	0,0544
1295,0000	48,6700	0,0529
1296,0000	48,7076	0,0514
1297,0000	48,7452	0,0506
1298,0000	48,7828	0,0499
1299,0000	48,8203	0,0486
1300,0000	48,8579	0,0471
1301,0000	48,8955	0,0471
1302,0000	48,9331	0,0471
1303,0000	48,9707	0,0456
1304,0000	49,0083	0,0445
1305,0000	49,0458	0,0439
1306,0000	49,0834	0,0439
1307,0000	49,1210	0,0422
1308,0000	49,1586	0,0413
1309,0000	49,1962	0,0413
1310,0000	49,2338	0,0418
1311,0000	49,2713	0,0403
1312,0000	49,3089	0,0398
1313,0000	49,3465	0,0405
1314,0000	49,3841	0,0407
1315,0000	49,4217	0,0403
1316,0000	49,4593	0,0387
1317,0000	49,4968	0,0400
1318,0000	49,5344	0,0415
1319,0000	49,5720	0,0403
1320,0000	49,6096	0,0409
1321,0000	49,6472	0,0415
1322,0000	49,6848	0,0422
1323,0000	49,7223	0,0428
1324,0000	49,7599	0,0433
1325,0000	49,7975	0,0443
1326,0000	49,8351	0,0458
1327,0000	49,8727	0,0460
1328,0000	49,9103	0,0471
1329,0000	49,9478	0,0488
1330,0000	49,9854	0,0501
1331,0000	50,0230	0,0506
1332,0000	50,0606	0,0510
1333,0000	50,0982	0,0533
1334,0000	50,1358	0,0551
1335,0000	50,1733	0,0559
1336,0000	50,2109	0,0572
1337,0000	50,2485	0,0585
1338,0000	50,2861	0,0611
1339,0000	50,3237	0,0611
1340,0000	50,3613	0,0619
1341,0000	50,3988	0,0632
1342,0000	50,4364	0,0651
1343,0000	50,4740	0,0660
1344,0000	50,5116	0,0667
1345,0000	50,5492	0,0692
1346,0000	50,5867	0,0694
1347,0000	50,6243	0,0703
1348,0000	50,6619	0,0709
1349,0000	50,6995	0,0727
1350,0000	50,7371	0,0731
1351,0000	50,7747	0,0733
1352,0000	50,8122	0,0737
1353,0000	50,8498	0,0750
1354,0000	50,8874	0,0759
1355,0000	50,9250	0,0746
1356,0000	50,9626	0,0739
1357,0000	51,0002	0,0757
1358,0000	51,0377	0,0752
1359,0000	51,0753	0,0739
1360,0000	51,1129	0,0735
1361,0000	51,1505	0,0746
1362,0000	51,1881	0,0739
1363,0000	51,2257	0,0735
1364,0000	51,2632	0,0724
1365,0000	51,3008	0,0727
1366,0000	51,3384	0,0714
1367,0000	51,3760	0,0699
1368,0000	51,4136	0,0692
1369,0000	51,4512	0,0682
1370,0000	51,4887	0,0675
1371,0000	51,5263	0,0654
1372,0000	51,5639	0,0643
1373,0000	51,6015	0,0630
1374,0000	51,6391	0,0630
1375,0000	51,6767	0,0600
1376,0000	51,7142	0,0591
1377,0000	51,7518	0,0579
1378,0000	51,7894	0,0570
1379,0000	51,8270	0,0553
1380,0000	51,8646	0,0533
1381,0000	51,9022	0,0525
1382,0000	51,9397	0,0516
1383,0000	51,9773	0,0493
1384,0000	52,0149	0,0484
1385,0000	52,0525	0,0484
1386,0000	52,0901	0,0473
1387,0000	52,1277	0,0456
1388,0000	52,1652	0,0456
1389,0000	52,2028	0,0445
1390,0000	52,2404	0,0433
1391,0000	52,2780	0,0430
1392,0000	52,3156	0,0418
1393,0000	52,3532	0,0424
1394,0000	52,3907	0,0418
1395,0000	52,4283	0,0422
1396,0000	52,4659	0,0411
1397,0000	52,5035	0,0413
1398,0000	52,5411	0,0420
1399,0000	52,5786	0,0422
1400,0000	52,6162	0,0424
1401,0000	52,6538	0,0433
1402,0000	52,6914	0,0450
1403,0000	52,7290	0,0450
1404,0000	52,7666	0,0454
1405,0000	52,8041	0,0471
1406,0000	52,8417	0,0480
1407,0000	52,8793	0,0482
1408,0000	52,9169	0,0497
1409,0000	52,9545	0,0516
1410,0000	52,9921	0,0538
1411,0000	53,0296	0,0544
1412,0000	53,0672	0,0563
1413,0000	53,1048	0,0581
1414,0000	53,1424	0,0600
1415,0000	53,1800	0,0609
1416,0000	53,2176	0,0628
1417,0000	53,2551	0,0658
1418,0000	53,2927	0,0677
1419,0000	53,3303	0,0692
1420,0000	53,3679	0,0712
1421,0000	53,4055	0,0727
1422,0000	53,4431	0,0752
1423,0000	53,4806	0,0767
1424,0000	53,5182	0,0793
1425,0000	53,5558	0,0815
1426,0000	53,5934	0,0832
1427,0000	53,6310	0,0851
1428,0000	53,6686	0,0864
1429,0000	53,7061	0,0883
1430,0000	53,7437	0,0907
1431,0000	53,7813	0,0920
1432,0000	53,8189	0,0922
1433,0000	53,8565	0,0948
1434,0000	53,8941	0,0971
1435,0000	53,9316	0,0976
1436,0000	53,9692	0,0978
1437,0000	54,0068	0,0993
1438,0000	54,0444	0,1006
1439,0000	54,0820	0,1008
1440,0000	54,1196	0,1010
1441,0000	54,1571	0,1016
1442,0000	54,1947	0,1021
1443,0000	54,2323	0,1021
1444,0000	54,2699	0,1014
1445,0000	54,3075	0,1021
1446,0000	54,3451	0,1014
1447,0000	54,3826	0,1003
1448,0000	54,4202	0,0997
1449,0000	54,4578	0,1001
1450,0000	54,4954	0,0993
1451,0000	54,5330	0,0976
1452,0000	54,5705	0,0963
1453,0000	54,6081	0,0961
1454,0000	54,6457	0,0948
1455,0000	54,6833	0,0926
1456,0000	54,7209	0,0907
1457,0000	54,7585	0,0898
1458,0000	54,7960	0,0883
1459,0000	54,8336	0,0864
1460,0000	54,8712	0,0845
1461,0000	54,9088	0,0827
1462,0000	54,9464	0,0810
1463,0000	54,9840	0,0774
1464,0000	55,0215	0,0759
1465,0000	55,0591	0,0755
1466,0000	55,0967	0,0722
1467,0000	55,1343	0,0697
1468,0000	55,1719	0,0679
1469,0000	55,2095	0,0669
1470,0000	55,2470	0,0651
1471,0000	55,2846	0,0621
1472,0000	55,3222	0,0617
1473,0000	55,3598	0,0600
1474,0000	55,3974	0,0583
1475,0000	55,4350	0,0574
1476,0000	55,4725	0,0557
1477,0000	55,5101	0,0559
1478,0000	55,5477	0,0551
1479,0000	55,5853	0,0540
1480,0000	55,6229	0,0538
1481,0000	55,6605	0,0542
1482,0000	55,6980	0,0553
1483,0000	55,7356	0,0546
1484,0000	55,7732	0,0548
1485,0000	55,8108	0,0563
1486,0000	55,8484	0,0583
1487,0000	55,8860	0,0594
1488,0000	55,9235	0,0604
1489,0000	55,9611	0,0634
1490,0000	55,9987	0,0660
1491,0000	56,0363	0,0677
1492,0000	56,0739	0,0701
1493,0000	56,1115	0,0735
1494,0000	56,1490	0,0778
1495,0000	56,1866	0,0795
1496,0000	56,2242	0,0832
1497,0000	56,2618	0,0875
1498,0000	56,2994	0,0907
1499,0000	56,3370	0,0948
1500,0000	56,3745	0,0995
1501,0000	56,4121	0,1038
1502,0000	56,4497	0,1079
1503,0000	56,4873	0,1113
1504,0000	56,5249	0,1160
1505,0000	56,5624	0,1207
1506,0000	56,6000	0,1248
1507,0000	56,6376	0,1287
1508,0000	56,6752	0,1330
1509,0000	56,7128	0,1368
1510,0000	56,7504	0,1413
1511,0000	56,7879	0,1446
1512,0000	56,8255	0,1469
1513,0000	56,8631	0,1519
1514,0000	56,9007	0,1542
1515,0000	56,9383	0,1562
1516,0000	56,9759	0,1583
1517,0000	57,0134	0,1617
1518,0000	57,0510	0,1630
1519,0000	57,0886	0,1643
1520,0000	57,1262	0,1665
1521,0000	57,1638	0,1669
1522,0000	57,2014	0,1671
1523,0000	57,2389	0,1665
1524,0000	57,2765	0,1671
1525,0000	57,3141	0,1675
1526,0000	57,3517	0,1652
1527,0000	57,3893	0,1630
1528,0000	57,4269	0,1619
1529,0000	57,4644	0,1607
1530,0000	57,5020	0,1589
1531,0000	57,5396	0,1555
1532,0000	57,5772	0,1525
1533,0000	57,6148	0,1495
1534,0000	57,6524	0,1459
1535,0000	57,6899	0,1416
1536,0000	57,7275	0,1375
1537,0000	57,7651	0,1343
1538,0000	57,8027	0,1293
1539,0000	57,8403	0,1244
1540,0000	57,8779	0,1192
1541,0000	57,9154	0,1158
1542,0000	57,9530	0,1096
1543,0000	57,9906	0,1049
1544,0000	58,0282	0,1008
1545,0000	58,0658	0,0952
1546,0000	58,1034	0,0918
1547,0000	58,1409	0,0858
1548,0000	58,1785	0,0815
1549,0000	58,2161	0,0782
1550,0000	58,2537	0,0727
1551,0000	58,2913	0,0690
1552,0000	58,3289	0,0641
1553,0000	58,3664	0,0613
1554,0000	58,4040	0,0589
1555,0000	58,4416	0,0557
1556,0000	58,4792	0,0540
1557,0000	58,5168	0,0523
1558,0000	58,5543	0,0514
1559,0000	58,5919	0,0495
1560,0000	58,6295	0,0491
1561,0000	58,6671	0,0501
1562,0000	58,7047	0,0501
1563,0000	58,7423	0,0514
1564,0000	58,7798	0,0533
1565,0000	58,8174	0,0561
1566,0000	58,8550	0,0596
1567,0000	58,8926	0,0628
1568,0000	58,9302	0,0669
1569,0000	58,9678	0,0724
1570,0000	59,0053	0,0782
1571,0000	59,0429	0,0843
1572,0000	59,0805	0,0903
1573,0000	59,1181	0,0978
1574,0000	59,1557	0,1053
1575,0000	59,1933	0,1128
1576,0000	59,2308	0,1207
1577,0000	59,2684	0,1310
1578,0000	59,3060	0,1403
1579,0000	59,3436	0,1499
1580,0000	59,3812	0,1598
1581,0000	59,4188	0,1718
1582,0000	59,4563	0,1815
1583,0000	59,4939	0,1924
1584,0000	59,5315	0,2040
1585,0000	59,5691	0,2150
1586,0000	59,6067	0,2248
1587,0000	59,6443	0,2371
1588,0000	59,6818	0,2472
1589,0000	59,7194	0,2594
1590,0000	59,7570	0,2686
1591,0000	59,7946	0,2796
1592,0000	59,8322	0,2890
1593,0000	59,8698	0,3004
1594,0000	59,9073	0,3088
1595,0000	59,9449	0,3165
1596,0000	59,9825	0,3242
1597,0000	60,0201	0,3315
1598,0000	60,0577	0,3382
1599,0000	60,0953	0,3437
1600,0000	60,1328	0,3495
1601,0000	60,1704	0,3536
1602,0000	60,2080	0,3560
1603,0000	60,2456	0,3568
1604,0000	60,2832	0,3581
1605,0000	60,3208	0,3594
1606,0000	60,3583	0,3575
1607,0000	60,3959	0,3540
1608,0000	60,4335	0,3530
1609,0000	60,4711	0,3489
1610,0000	60,5087	0,3442
1611,0000	60,5462	0,3373
1612,0000	60,5838	0,3296
1613,0000	60,6214	0,3225
1614,0000	60,6590	0,3126
1615,0000	60,6966	0,3034
1616,0000	60,7342	0,2942
1617,0000	60,7717	0,2849
1618,0000	60,8093	0,2723
1619,0000	60,8469	0,2605
1620,0000	60,8845	0,2478
1621,0000	60,9221	0,2360
1622,0000	60,9597	0,2223
1623,0000	60,9972	0,2081
1624,0000	61,0348	0,1956
1625,0000	61,0724	0,1826
1626,0000	61,1100	0,1684
1627,0000	61,1476	0,1555
1628,0000	61,1852	0,1420
1629,0000	61,2227	0,1304
1630,0000	61,2603	0,1175
1631,0000	61,2979	0,1070
1632,0000	61,3355	0,0965
1633,0000	61,3731	0,0868
1634,0000	61,4107	0,0791
1635,0000	61,4482	0,0707
1636,0000	61,4858	0,0662
1637,0000	61,5234	0,0626
1638,0000	61,5610	0,0594
1639,0000	61,5986	0,0596
1640,0000	61,6362	0,0609
1641,0000	61,6737	0,0643
1642,0000	61,7113	0,0701
1643,0000	61,7489	0,0782
1644,0000	61,7865	0,0894
1645,0000	61,8241	0,1027
1646,0000	61,8617	0,1201
1647,0000	61,8992	0,1368
1648,0000	61,9368	0,1604
1649,0000	61,9744	0,1843
1650,0000	62,0120	0,2141
1651,0000	62,0496	0,2435
1652,0000	62,0872	0,2811
1653,0000	62,1247	0,3195
1654,0000	62,1623	0,3637
1655,0000	62,1999	0,4075
1656,0000	62,2375	0,4584
1657,0000	62,2751	0,5109
1658,0000	62,3127	0,5695
1659,0000	62,3502	0,6277
1660,0000	62,3878	0,6959
1661,0000	62,4254	0,7606
1662,0000	62,4630	0,8352
1663,0000	62,5006	0,9093
1664,0000	62,5382	0,9915
1665,0000	62,5757	1,0726
1666,0000	62,6133	1,1602
1667,0000	62,6509	1,2460
1668,0000	62,6885	1,3458
1669,0000	62,7261	1,4392
1670,0000	62,7636	1,5444
1671,0000	62,8012	1,6453
1672,0000	62,8388	1,7541
1673,0000	62,8764	1,8601
1674,0000	62,9140	1,9713
1675,0000	62,9516	2,0868
1676,0000	62,9891	2,2151
1677,0000	63,0267	2,3331
1678,0000	63,0643	2,4617
1679,0000	63,1019	2,5836
1680,0000	63,1395	2,7139
1681,0000	63,1771	2,8407
1682,0000	63,2146	2,9803
1683,0000	63,2522	3,1105
1684,0000	63,2898	3,2507
1685,0000	63,3274	3,3851
1686,0000	63,3650	3,5295
1687,0000	63,4026	3,6666
1688,0000	63,4401	3,8104
1689,0000	63,4777	3,9493
1690,0000	63,5153	4,1000
1691,0000	63,5529	4,2459
1692,0000	63,5905	4,3878
1693,0000	63,6281	4,5018
1694,0000	63,6656	4,6458
1695,0000	63,7032	4,7877
1696,0000	63,7408	4,9259
1697,0000	63,7784	5,0536
1698,0000	63,8160	5,1922
1699,0000	63,8536	5,3178
1700,0000	63,8911	5,4459
1701,0000	63,9287	5,5648
1702,0000	63,9663	5,6859
1703,0000	64,0039	5,8033
1704,0000	64,0415	5,9188
1705,0000	64,0791	6,0302
1706,0000	64,1166	6,1317
1707,0000	64,1542	6,2276
1708,0000	64,1918	6,3180
1709,0000	64,2294	6,4040
1710,0000	64,2670	6,4843
1711,0000	64,3046	6,5556
1712,0000	64,3421	6,6206
1713,0000	64,3797	6,6779
1714,0000	64,4173	6,7266
1715,0000	64,4549	6,7749
1716,0000	64,4925	6,8148
1717,0000	64,5301	6,8621
1718,0000	64,5676	6,8917
1719,0000	64,6052	6,9228
1720,0000	64,6428	6,9518
1721,0000	64,6804	6,9659
1722,0000	64,7180	6,9790
1723,0000	64,7555	6,9792
1724,0000	64,7931	6,9745
1725,0000	64,8307	6,9629
1726,0000	64,8683	6,9413
1727,0000	64,9059	6,9131
1728,0000	64,9435	6,8767
1729,0000	64,9810	6,8342
1730,0000	65,0186	6,7865
1731,0000	65,0562	6,7309
1732,0000	65,0938	6,6771
1733,0000	65,1314	6,6064
1734,0000	65,1690	6,5335
1735,0000	65,2065	6,4452
1736,0000	65,2441	6,3684
1737,0000	65,2817	6,2766
1738,0000	65,3193	6,1815
1739,0000	65,3569	6,0686
1740,0000	65,3945	5,9724
1741,0000	65,4320	5,8578
1742,0000	65,4696	5,7475
1743,0000	65,5072	5,6314
1744,0000	65,5448	5,5260
1745,0000	65,5824	5,4071
1746,0000	65,6200	5,2783
1747,0000	65,6575	5,1412
1748,0000	65,6951	5,0070
1749,0000	65,7327	4,8525
1750,0000	65,7703	4,7173
1751,0000	65,8079	4,5720
1752,0000	65,8455	4,4382
1753,0000	65,8830	4,2833
1754,0000	65,9206	4,1448
1755,0000	65,9582	3,9929
1756,0000	65,9958	3,8658
1757,0000	66,0334	3,7231
1758,0000	66,0710	3,5920
1759,0000	66,1085	3,4342
1760,0000	66,1461	3,2988
1761,0000	66,1837	3,1543
1762,0000	66,2213	3,0182
1763,0000	66,2589	2,8802
1764,0000	66,2965	2,7467
1765,0000	66,3340	2,6053
1766,0000	66,3716	2,4731
1767,0000	66,4092	2,3377
1768,0000	66,4468	2,2091
1769,0000	66,4844	2,0810
1770,0000	66,5220	1,9560
1771,0000	66,5595	1,8331
1772,0000	66,5971	1,7167
1773,0000	66,6347	1,5998
1774,0000	66,6723	1,4918
1775,0000	66,7099	1,3856
1776,0000	66,7474	1,2864
1777,0000	66,7850	1,1894
1778,0000	66,8226	1,0971
1779,0000	66,8602	1,0080
1780,0000	66,8978	0,9232
1781,0000	66,9354	0,8408
1782,0000	66,9729	0,7651
1783,0000	67,0105	0,6921
1784,0000	67,0481	0,6279
1785,0000	67,0857	0,5642
1786,0000	67,1233	0,5013
1787,0000	67,1609	0,4450
1788,0000	67,1984	0,3935
1789,0000	67,2360	0,3472
1790,0000	67,2736	0,3051
1791,0000	67,3112	0,2671
1792,0000	67,3488	0,2326
1793,0000	67,3864	0,2023
1794,0000	67,4239	0,1740
1795,0000	67,4615	0,1499
1796,0000	67,4991	0,1304
1797,0000	67,5367	0,1137
1798,0000	67,5743	0,0984
1799,0000	67,6119	0,0877
1800,0000	67,6494	0,0808
1801,0000	67,6870	0,0755
1802,0000	67,7246	0,0720
1803,0000	67,7622	0,0701
1804,0000	67,7998	0,0722
1805,0000	67,8374	0,0755
1806,0000	67,8749	0,0791
1807,0000	67,9125	0,0860
1808,0000	67,9501	0,0933
1809,0000	67,9877	0,1038
1810,0000	68,0253	0,1137
1811,0000	68,0629	0,1248
1812,0000	68,1004	0,1371
1813,0000	68,1380	0,1501
1814,0000	68,1756	0,1632
1815,0000	68,2132	0,1768
1816,0000	68,2508	0,1924
1817,0000	68,2884	0,2059
1818,0000	68,3259	0,2203
1819,0000	68,3635	0,2347
1820,0000	68,4011	0,2491
1821,0000	68,4387	0,2626
1822,0000	68,4763	0,2751
1823,0000	68,5139	0,2866
1824,0000	68,5514	0,2995
1825,0000	68,5890	0,3098
1826,0000	68,6266	0,3203
1827,0000	68,6642	0,3311
1828,0000	68,7018	0,3401
1829,0000	68,7393	0,3489
1830,0000	68,7769	0,3553
1831,0000	68,8145	0,3607
1832,0000	68,8521	0,3663
1833,0000	68,8897	0,3686
1834,0000	68,9273	0,3701
1835,0000	68,9648	0,3727
1836,0000	69,0024	0,3734
1837,0000	69,0400	0,3729
1838,0000	69,0776	0,3704
1839,0000	69,1152	0,3689
1840,0000	69,1528	0,3656
1841,0000	69,1903	0,3605
1842,0000	69,2279	0,3549
1843,0000	69,2655	0,3493
1844,0000	69,3031	0,3435
1845,0000	69,3407	0,3354
1846,0000	69,3783	0,3283
1847,0000	69,4158	0,3199
1848,0000	69,4534	0,3103
1849,0000	69,4910	0,3012
1850,0000	69,5286	0,2914
1851,0000	69,5662	0,2815
1852,0000	69,6038	0,2706
1853,0000	69,6413	0,2607
1854,0000	69,6789	0,2495
1855,0000	69,7165	0,2381
1856,0000	69,7541	0,2281
1857,0000	69,7917	0,2175
1858,0000	69,8293	0,2049
1859,0000	69,8668	0,1939
1860,0000	69,9044	0,1828
1861,0000	69,9420	0,1722
1862,0000	69,9796	0,1615
1863,0000	70,0172	0,1516
1864,0000	70,0548	0,1422
1865,0000	70,0923	0,1323
1866,0000	70,1299	0,1216
1867,0000	70,1675	0,1130
1868,0000	70,2051	0,1057
1869,0000	70,2427	0,0967
1870,0000	70,2803	0,0892
1871,0000	70,3178	0,0825
1872,0000	70,3554	0,0767
1873,0000	70,3930	0,0716
1874,0000	70,4306	0,0658
1875,0000	70,4682	0,0611
1876,0000	70,5058	0,0585
1877,0000	70,5433	0,0551
1878,0000	70,5809	0,0510
1879,0000	70,6185	0,0495
1880,0000	70,6561	0,0486
1881,0000	70,6937	0,0475
1882,0000	70,7312	0,0465
1883,0000	70,7688	0,0467
1884,0000	70,8064	0,0478
1885,0000	70,8440	0,0480
1886,0000	70,8816	0,0497
1887,0000	70,9192	0,0514
1888,0000	70,9567	0,0542
1889,0000	70,9943	0,0574
1890,0000	71,0319	0,0602
1891,0000	71,0695	0,0634
1892,0000	71,1071	0,0677
1893,0000	71,1447	0,0716
1894,0000	71,1822	0,0752
1895,0000	71,2198	0,0802
1896,0000	71,2574	0,0851
1897,0000	71,2950	0,0894
1898,0000	71,3326	0,0939
1899,0000	71,3702	0,0986
1900,0000	71,4077	0,1042
1901,0000	71,4453	0,1089
1902,0000	71,4829	0,1134
1903,0000	71,5205	0,1184
1904,0000	71,5581	0,1242
1905,0000	71,5957	0,1274
1906,0000	71,6332	0,1317
1907,0000	71,6708	0,1355
1908,0000	71,7084	0,1409
1909,0000	71,7460	0,1448
1910,0000	71,7836	0,1482
1911,0000	71,8212	0,1508
1912,0000	71,8587	0,1540
1913,0000	71,8963	0,1572
1914,0000	71,9339	0,1596
1915,0000	71,9715	0,1604
1916,0000	72,0091	0,1628
1917,0000	72,0467	0,1643
1918,0000	72,0842	0,1641
1919,0000	72,1218	0,1652
1920,0000	72,1594	0,1656
1921,0000	72,1970	0,1658
1922,0000	72,2346	0,1647
1923,0000	72,2722	0,1624
1924,0000	72,3097	0,1619
1925,0000	72,3473	0,1596
1926,0000	72,3849	0,1574
1927,0000	72,4225	0,1555
1928,0000	72,4601	0,1540
1929,0000	72,4977	0,1497
1930,0000	72,5352	0,1471
1931,0000	72,5728	0,1443
1932,0000	72,6104	0,1413
1933,0000	72,6480	0,1371
1934,0000	72,6856	0,1321
1935,0000	72,7231	0,1287
1936,0000	72,7607	0,1246
1937,0000	72,7983	0,1205
1938,0000	72,8359	0,1158
1939,0000	72,8735	0,1117
1940,0000	72,9111	0,1083
1941,0000	72,9486	0,1025
1942,0000	72,9862	0,0984
1943,0000	73,0238	0,0941
1944,0000	73,0614	0,0896
1945,0000	73,0990	0,0853
1946,0000	73,1366	0,0810
1947,0000	73,1741	0,0774
1948,0000	73,2117	0,0735
1949,0000	73,2493	0,0697
1950,0000	73,2869	0,0664
1951,0000	73,3245	0,0626
1952,0000	73,3621	0,0604
1953,0000	73,3996	0,0576
1954,0000	73,4372	0,0540
1955,0000	73,4748	0,0521
1956,0000	73,5124	0,0501
1957,0000	73,5500	0,0484
1958,0000	73,5876	0,0463
1959,0000	73,6251	0,0458
1960,0000	73,6627	0,0450
1961,0000	73,7003	0,0437
1962,0000	73,7379	0,0418
1963,0000	73,7755	0,0428
1964,0000	73,8131	0,0439
1965,0000	73,8506	0,0435
1966,0000	73,8882	0,0433
1967,0000	73,9258	0,0445
1968,0000	73,9634	0,0458
1969,0000	74,0010	0,0465
1970,0000	74,0386	0,0478
1971,0000	74,0761	0,0497
1972,0000	74,1137	0,0514
1973,0000	74,1513	0,0529
1974,0000	74,1889	0,0542
1975,0000	74,2265	0,0570
1976,0000	74,2641	0,0594
1977,0000	74,3016	0,0613
1978,0000	74,3392	0,0636
1979,0000	74,3768	0,0664
1980,0000	74,4144	0,0697
1981,0000	74,4520	0,0709
1982,0000	74,4896	0,0729
1983,0000	74,5271	0,0761
1984,0000	74,5647	0,0780
1985,0000	74,6023	0,0802
1986,0000	74,6399	0,0817
1987,0000	74,6775	0,0847
1988,0000	74,7150	0,0870
1989,0000	74,7526	0,0885
1990,0000	74,7902	0,0892
1991,0000	74,8278	0,0913
1992,0000	74,8654	0,0933
1993,0000	74,9030	0,0943
1994,0000	74,9405	0,0958
1995,0000	74,9781	0,0973
1996,0000	75,0157	0,0978
1997,0000	75,0533	0,0986
1998,0000	75,0909	0,0991
1999,0000	75,1285	0,0997
2000,0000	75,1660	0,1003
2001,0000	75,2036	0,0999
2002,0000	75,2412	0,0997
2003,0000	75,2788	0,1003
2004,0000	75,3164	0,0997
2005,0000	75,3540	0,0988
2006,0000	75,3915	0,0976
2007,0000	75,4291	0,0978
2008,0000	75,4667	0,0965
2009,0000	75,5043	0,0950
2010,0000	75,5419	0,0937
2011,0000	75,5795	0,0931
2012,0000	75,6170	0,0922
2013,0000	75,6546	0,0896
2014,0000	75,6922	0,0881
2015,0000	75,7298	0,0870
2016,0000	75,7674	0,0853
2017,0000	75,8050	0,0830
2018,0000	75,8425	0,0808
2019,0000	75,8801	0,0793
2020,0000	75,9177	0,0770
2021,0000	75,9553	0,0744
2022,0000	75,9929	0,0722
2023,0000	76,0305	0,0712
2024,0000	76,0680	0,0690
2025,0000	76,1056	0,0660
2026,0000	76,1432	0,0641
2027,0000	76,1808	0,0630
2028,0000	76,2184	0,0602
2029,0000	76,2560	0,0579
2030,0000	76,2935	0,0551
2031,0000	76,3311	0,0553
2032,0000	76,3687	0,0533
2033,0000	76,4063	0,0508
2034,0000	76,4439	0,0497
2035,0000	76,4815	0,0486
2036,0000	76,5190	0,0469
2037,0000	76,5566	0,0458
2038,0000	76,5942	0,0441
2039,0000	76,6318	0,0443
2040,0000	76,6694	0,0439
2041,0000	76,7069	0,0424
2042,0000	76,7445	0,0422
2043,0000	76,7821	0,0418
2044,0000	76,8197	0,0422
2045,0000	76,8573	0,0405
2046,0000	76,8949	0,0409
2047,0000	76,9324	0,0418
2048,0000	76,9700	0,0424
2049,0000	77,0076	0,0418
2050,0000	77,0452	0,0424
2051,0000	77,0828	0,0441
2052,0000	77,1204	0,0445
2053,0000	77,1579	0,0448
2054,0000	77,1955	0,0458
2055,0000	77,2331	0,0478
2056,0000	77,2707	0,0482
2057,0000	77,3083	0,0480
2058,0000	77,3459	0,0508
2059,0000	77,3834	0,0521
2060,0000	77,4210	0,0536
2061,0000	77,4586	0,0544
2062,0000	77,4962	0,0555
2063,0000	77,5338	0,0583
2064,0000	77,5714	0,0585
2065,0000	77,6089	0,0596
2066,0000	77,6465	0,0600
2067,0000	77,6841	0,0621
2068,0000	77,7217	0,0630
2069,0000	77,7593	0,0636
2070,0000	77,7969	0,0651
2071,0000	77,8344	0,0664
2072,0000	77,8720	0,0669
2073,0000	77,9096	0,0675
2074,0000	77,9472	0,0673
2075,0000	77,9848	0,0690
2076,0000	78,0224	0,0699
2077,0000	78,0599	0,0692
2078,0000	78,0975	0,0701
2079,0000	78,1351	0,0714
2080,0000	78,1727	0,0712
2081,0000	78,2103	0,0705
2082,0000	78,2479	0,0712
2083,0000	78,2854	0,0714
2084,0000	78,3230	0,0712
2085,0000	78,3606	0,0703
2086,0000	78,3982	0,0694
2087,0000	78,4358	0,0703
2088,0000	78,4734	0,0699
2089,0000	78,5109	0,0688
2090,0000	78,5485	0,0682
2091,0000	78,5861	0,0688
2092,0000	78,6237	0,0669
2093,0000	78,6613	0,0647
2094,0000	78,6988	0,0651
2095,0000	78,7364	0,0649
2096,0000	78,7740	0,0636
2097,0000	78,8116	0,0617
2098,0000	78,8492	0,0615
2099,0000	78,8868	0,0606
2100,0000	78,9243	0,0591
2101,0000	78,9619	0,0574
2102,0000	78,9995	0,0572
2103,0000	79,0371	0,0559
2104,0000	79,0747	0,0548
2105,0000	79,1123	0,0529
2106,0000	79,1498	0,0529
2107,0000	79,1874	0,0518
2108,0000	79,2250	0,0506
2109,0000	79,2626	0,0493
2110,0000	79,3002	0,0482
2111,0000	79,3378	0,0478
2112,0000	79,3753	0,0463
2113,0000	79,4129	0,0450
2114,0000	79,4505	0,0448
2115,0000	79,4881	0,0441
2116,0000	79,5257	0,0435
2117,0000	79,5633	0,0426
2118,0000	79,6008	0,0420
2119,0000	79,6384	0,0424
2120,0000	79,6760	0,0409
2121,0000	79,7136	0,0403
2122,0000	79,7512	0,0398
2123,0000	79,7888	0,0405
2124,0000	79,8263	0,0396
2125,0000	79,8639	0,0400
2126,0000	79,9015	0,0400
2127,0000	79,9391	0,0407
2128,0000	79,9767	0,0403
2129,0000	80,0143	0,0400
2130,0000	80,0518	0,0411
2131,0000	80,0894	0,0418
2132,0000	80,1270	0,0420
2133,0000	80,1646	0,0422
2134,0000	80,2022	0,0426
2135,0000	80,2398	0,0443
2136,0000	80,2773	0,0445
2137,0000	80,3149	0,0454
2138,0000	80,3525	0,0465
2139,0000	80,3901	0,0473
2140,0000	80,4277	0,0484
2141,0000	80,4653	0,0488
2142,0000	80,5028	0,0501
2143,0000	80,5404	0,0518
2144,0000	80,5780	0,0514
2145,0000	80,6156	0,0521
2146,0000	80,6532	0,0538
2147,0000	80,6908	0,0548
2148,0000	80,7283	0,0555
2149,0000	80,7659	0,0561
2150,0000	80,8035	0,0576
2151,0000	80,8411	0,0585
2152,0000	80,8787	0,0589
2153,0000	80,9162	0,0589
2154,0000	80,9538	0,0598
2155,0000	80,9914	0,0609
2156,0000	81,0290	0,0611
2157,0000	81,0666	0,0615
2158,0000	81,1042	0,0628
2159,0000	81,1417	0,0632
2160,0000	81,1793	0,0624
2161,0000	81,2169	0,0624
2162,0000	81,2545	0,0632
2163,0000	81,2921	0,0634
2164,0000	81,3297	0,0628
2165,0000	81,3672	0,0630
2166,0000	81,4048	0,0634
2167,0000	81,4424	0,0630
2168,0000	81,4800	0,0628
2169,0000	81,5176	0,0619
2170,0000	81,5552	0,0619
2171,0000	81,5927	0,0617
2172,0000	81,6303	0,0606
2173,0000	81,6679	0,0609
2174,0000	81,7055	0,0596
2175,0000	81,7431	0,0600
2176,0000	81,7807	0,0589
2177,0000	81,8182	0,0581
2178,0000	81,8558	0,0576
2179,0000	81,8934	0,0566
2180,0000	81,9310	0,0559
2181,0000	81,9686	0,0538
2182,0000	82,0062	0,0540
2183,0000	82,0437	0,0536
2184,0000	82,0813	0,0525
2185,0000	82,1189	0,0514
2186,0000	82,1565	0,0510
2187,0000	82,1941	0,0501
2188,0000	82,2317	0,0486
2189,0000	82,2692	0,0475
2190,0000	82,3068	0,0475
2191,0000	82,3444	0,0475
2192,0000	82,3820	0,0456
2193,0000	82,4196	0,0454
2194,0000	82,4572	0,0441
2195,0000	82,4947	0,0443
2196,0000	82,5323	0,0433
2197,0000	82,5699	0,0426
2198,0000	82,6075	0,0430
2199,0000	82,6451	0,0415
2200,0000	82,6827	0,0407
2201,0000	82,7202	0,0400
2202,0000	82,7578	0,0411
2203,0000	82,7954	0,0403
2204,0000	82,8330	0,0398
2205,0000	82,8706	0,0398
2206,0000	82,9081	0,0398
2207,0000	82,9457	0,0403
2208,0000	82,9833	0,0403
2209,0000	83,0209	0,0405
2210,0000	83,0585	0,0409
2211,0000	83,0961	0,0407
2212,0000	83,1336	0,0403
2213,0000	83,1712	0,0403
2214,0000	83,2088	0,0418
2215,0000	83,2464	0,0420
2216,0000	83,2840	0,0415
2217,0000	83,3216	0,0424
2218,0000	83,3591	0,0441
2219,0000	83,3967	0,0439
2220,0000	83,4343	0,0439
2221,0000	83,4719	0,0454
2222,0000	83,5095	0,0463
2223,0000	83,5471	0,0469
2224,0000	83,5846	0,0473
2225,0000	83,6222	0,0482
2226,0000	83,6598	0,0491
2227,0000	83,6974	0,0497
2228,0000	83,7350	0,0499
2229,0000	83,7726	0,0503
2230,0000	83,8101	0,0523
2231,0000	83,8477	0,0521
2232,0000	83,8853	0,0521
2233,0000	83,9229	0,0531
2234,0000	83,9605	0,0546
2235,0000	83,9981	0,0542
2236,0000	84,0356	0,0538
2237,0000	84,0732	0,0546
2238,0000	84,1108	0,0557
2239,0000	84,1484	0,0559
2240,0000	84,1860	0,0555
2241,0000	84,2236	0,0566
2242,0000	84,2611	0,0568
2243,0000	84,2987	0,0561
2244,0000	84,3363	0,0563
2245,0000	84,3739	0,0566
2246,0000	84,4115	0,0561
2247,0000	84,4491	0,0559
2248,0000	84,4866	0,0559
2249,0000	84,5242	0,0553
2250,0000	84,5618	0,0555
2251,0000	84,5994	0,0544
2252,0000	84,6370	0,0536
2253,0000	84,6746	0,0540
2254,0000	84,7121	0,0542
2255,0000	84,7497	0,0529
2256,0000	84,7873	0,0516
2257,0000	84,8249	0,0518
2258,0000	84,8625	0,0516
2259,0000	84,9000	0,0512
2260,0000	84,9376	0,0497
2261,0000	84,9752	0,0499
2262,0000	85,0128	0,0491
2263,0000	85,0504	0,0480
2264,0000	85,0880	0,0471
2265,0000	85,1255	0,0475
2266,0000	85,1631	0,0475
2267,0000	85,2007	0,0456
2268,0000	85,2383	0,0452
2269,0000	85,2759	0,0450
2270,0000	85,3135	0,0452
2271,0000	85,3510	0,0441
2272,0000	85,3886	0,0426
2273,0000	85,4262	0,0430
2274,0000	85,4638	0,0422
2275,0000	85,5014	0,0420
2276,0000	85,5390	0,0411
2277,0000	85,5765	0,0418
2278,0000	85,6141	0,0418
2279,0000	85,6517	0,0403
2280,0000	85,6893	0,0400
2281,0000	85,7269	0,0398
2282,0000	85,7645	0,0400
2283,0000	85,8020	0,0394
2284,0000	85,8396	0,0390
2285,0000	85,8772	0,0390
2286,0000	85,9148	0,0403
2287,0000	85,9524	0,0396
2288,0000	85,9900	0,0394
2289,0000	86,0275	0,0396
2290,0000	86,0651	0,0409
2291,0000	86,1027	0,0396
2292,0000	86,1403	0,0396
2293,0000	86,1779	0,0407
2294,0000	86,2155	0,0409
2295,0000	86,2530	0,0413
2296,0000	86,2906	0,0409
2297,0000	86,3282	0,0415
2298,0000	86,3658	0,0420
2299,0000	86,4034	0,0420
2300,0000	86,4410	0,0424
2301,0000	86,4785	0,0428
2302,0000	86,5161	0,0445
2303,0000	86,5537	0,0437
2304,0000	86,5913	0,0443
2305,0000	86,6289	0,0450
2306,0000	86,6665	0,0458
2307,0000	86,7040	0,0460
2308,0000	86,7416	0,0463
2309,0000	86,7792	0,0475
2310,0000	86,8168	0,0482
2311,0000	86,8544	0,0478
2312,0000	86,8919	0,0480
2313,0000	86,9295	0,0491
2314,0000	86,9671	0,0493
2315,0000	87,0047	0,0495
2316,0000	87,0423	0,0491
2317,0000	87,0799	0,0499
2318,0000	87,1174	0,0501
2319,0000	87,1550	0,0499
2320,0000	87,1926	0,0499
2321,0000	87,2302	0,0506
2322,0000	87,2678	0,0506
2323,0000	87,3054	0,0501
2324,0000	87,3429	0,0508
2325,0000	87,3805	0,0508
2326,0000	87,4181	0,0510
2327,0000	87,4557	0,0499
2328,0000	87,4933	0,0495
2329,0000	87,5309	0,0499
2330,0000	87,5684	0,0501
2331,0000	87,6060	0,0488
2332,0000	87,6436	0,0491
2333,0000	87,6812	0,0495
2334,0000	87,7188	0,0488
2335,0000	87,7564	0,0482
2336,0000	87,7939	0,0475
2337,0000	87,8315	0,0480
2338,0000	87,8691	0,0478
2339,0000	87,9067	0,0467
2340,0000	87,9443	0,0463
2341,0000	87,9819	0,0469
2342,0000	88,0194	0,0465
2343,0000	88,0570	0,0456
2344,0000	88,0946	0,0452
2345,0000	88,1322	0,0458
2346,0000	88,1698	0,0452
2347,0000	88,2074	0,0441
2348,0000	88,2449	0,0439
2349,0000	88,2825	0,0441
2350,0000	88,3201	0,0426
2351,0000	88,3577	0,0426
2352,0000	88,3953	0,0422
2353,0000	88,4329	0,0439
2354,0000	88,4704	0,0443
2355,0000	88,5080	0,0422
2356,0000	88,5456	0,0411
2357,0000	88,5832	0,0426
2358,0000	88,6208	0,0415
2359,0000	88,6584	0,0405
2360,0000	88,6959	0,0407
2361,0000	88,7335	0,0407
2362,0000	88,7711	0,0403
2363,0000	88,8087	0,0400
2364,0000	88,8463	0,0394
2365,0000	88,8838	0,0396
2366,0000	88,9214	0,0403
2367,0000	88,9590	0,0385
2368,0000	88,9966	0,0392
2369,0000	89,0342	0,0396
2370,0000	89,0718	0,0390
2371,0000	89,1093	0,0383
2372,0000	89,1469	0,0392
2373,0000	89,1845	0,0385
2374,0000	89,2221	0,0390
2375,0000	89,2597	0,0383
2376,0000	89,2973	0,0381
2377,0000	89,3348	0,0387
2378,0000	89,3724	0,0385
2379,0000	89,4100	0,0372
2380,0000	89,4476	0,0383
2381,0000	89,4852	0,0381
2382,0000	89,5228	0,0383
2383,0000	89,5603	0,0381
2384,0000	89,5979	0,0387
2385,0000	89,6355	0,0400
2386,0000	89,6731	0,0396
2387,0000	89,7107	0,0409
2388,0000	89,7483	0,0400
2389,0000	89,7858	0,0420
2390,0000	89,8234	0,0415
2391,0000	89,8610	0,0409
2392,0000	89,8986	0,0418
2393,0000	89,9362	0,0435
2394,0000	89,9738	0,0430
2395,0000	90,0113	0,0439
2396,0000	90,0489	0,0430
2397,0000	90,0865	0,0437
2398,0000	90,1241	0,0430
2399,0000	90,1617	0,0424
2400,0000	90,1993	0,0426
2401,0000	90,2368	0,0428
2402,0000	90,2744	0,0426
2403,0000	90,3120	0,0426
2404,0000	90,3496	0,0430
2405,0000	90,3872	0,0435
2406,0000	90,4248	0,0435
2407,0000	90,4623	0,0433
2408,0000	90,4999	0,0435
2409,0000	90,5375	0,0435
2410,0000	90,5751	0,0441
2411,0000	90,6127	0,0441
2412,0000	90,6503	0,0441
2413,0000	90,6878	0,0441
2414,0000	90,7254	0,0435
2415,0000	90,7630	0,0433
2416,0000	90,8006	0,0435
2417,0000	90,8382	0,0439
2418,0000	90,8757	0,0437
2419,0000	90,9133	0,0428
2420,0000	90,9509	0,0426
2421,0000	90,9885	0,0428
2422,0000	91,0261	0,0422
2423,0000	91,0637	0,0422
2424,0000	91,1012	0,0426
2425,0000	91,1388	0,0424
2426,0000	91,1764	0,0422
2427,0000	91,2140	0,0411
2428,0000	91,2516	0,0415
2429,0000	91,2892	0,0418
2430,0000	91,3267	0,0411
2431,0000	91,3643	0,0418
2432,0000	91,4019	0,0409
2433,0000	91,4395	0,0411
2434,0000	91,4771	0,0409
2435,0000	91,5147	0,0398
2436,0000	91,5522	0,0405
2437,0000	91,5898	0,0407
2438,0000	91,6274	0,0403
2439,0000	91,6650	0,0396
2440,0000	91,7026	0,0398
2441,0000	91,7402	0,0407
2442,0000	91,7777	0,0400
2443,0000	91,8153	0,0387
2444,0000	91,8529	0,0394
2445,0000	91,8905	0,0394
2446,0000	91,9281	0,0387
2447,0000	91,9657	0,0390
2448,0000	92,0032	0,0385
2449,0000	92,0408	0,0398
2450,0000	92,0784	0,0396
2451,0000	92,1160	0,0390
2452,0000	92,1536	0,0394
2453,0000	92,1912	0,0398
2454,0000	92,2287	0,0396
2455,0000	92,2663	0,0398
2456,0000	92,3039	0,0396
2457,0000	92,3415	0,0398
2458,0000	92,3791	0,0400
2459,0000	92,4167	0,0394
2460,0000	92,4542	0,0403
2461,0000	92,4918	0,0415
2462,0000	92,5294	0,0403
2463,0000	92,5670	0,0409
2464,0000	92,6046	0,0413
2465,0000	92,6422	0,0424
2466,0000	92,6797	0,0418
2467,0000	92,7173	0,0415
2468,0000	92,7549	0,0422
2469,0000	92,7925	0,0428
2470,0000	92,8301	0,0426
2471,0000	92,8676	0,0424
2472,0000	92,9052	0,0428
2473,0000	92,9428	0,0433
2474,0000	92,9804	0,0435
2475,0000	93,0180	0,0426
2476,0000	93,0556	0,0437
2477,0000	93,0931	0,0445
2478,0000	93,1307	0,0441
2479,0000	93,1683	0,0441
2480,0000	93,2059	0,0445
2481,0000	93,2435	0,0454
2482,0000	93,2811	0,0452
2483,0000	93,3186	0,0445
2484,0000	93,3562	0,0454
2485,0000	93,3938	0,0463
2486,0000	93,4314	0,0454
2487,0000	93,4690	0,0445
2488,0000	93,5066	0,0452
2489,0000	93,5441	0,0456
2490,0000	93,5817	0,0460
2491,0000	93,6193	0,0454
2492,0000	93,6569	0,0452
2493,0000	93,6945	0,0456
2494,0000	93,7321	0,0450
2495,0000	93,7696	0,0448
2496,0000	93,8072	0,0448
2497,0000	93,8448	0,0452
2498,0000	93,8824	0,0448
2499,0000	93,9200	0,0443
2500,0000	93,9576	0,0450
2501,0000	93,9951	0,0441
2502,0000	94,0327	0,0428
2503,0000	94,0703	0,0435
2504,0000	94,1079	0,0433
2505,0000	94,1455	0,0437
2506,0000	94,1831	0,0430
2507,0000	94,2206	0,0430
2508,0000	94,2582	0,0428
2509,0000	94,2958	0,0428
2510,0000	94,3334	0,0424
2511,0000	94,3710	0,0411
2512,0000	94,4086	0,0420
2513,0000	94,4461	0,0418
2514,0000	94,4837	0,0409
2515,0000	94,5213	0,0411
2516,0000	94,5589	0,0411
2517,0000	94,5965	0,0413
2518,0000	94,6341	0,0409
2519,0000	94,6716	0,0398
2520,0000	94,7092	0,0403
2521,0000	94,7468	0,0403
2522,0000	94,7844	0,0400
2523,0000	94,8220	0,0387
2524,0000	94,8595	0,0387
2525,0000	94,8971	0,0398
2526,0000	94,9347	0,0394
2527,0000	94,9723	0,0390
2528,0000	95,0099	0,0387
2529,0000	95,0475	0,0396
2530,0000	95,0850	0,0392
2531,0000	95,1226	0,0383
2532,0000	95,1602	0,0396
2533,0000	95,1978	0,0394
2534,0000	95,2354	0,0383
2535,0000	95,2730	0,0392
2536,0000	95,3105	0,0392
2537,0000	95,3481	0,0396
2538,0000	95,3857	0,0387
2539,0000	95,4233	0,0387
2540,0000	95,4609	0,0398
2541,0000	95,4985	0,0398
2542,0000	95,5360	0,0394
2543,0000	95,5736	0,0385
2544,0000	95,6112	0,0407
2545,0000	95,6488	0,0407
2546,0000	95,6864	0,0400
2547,0000	95,7240	0,0394
2548,0000	95,7615	0,0409
2549,0000	95,7991	0,0413
2550,0000	95,8367	0,0411
2551,0000	95,8743	0,0407
2552,0000	95,9119	0,0420
2553,0000	95,9495	0,0418
2554,0000	95,9870	0,0415
2555,0000	96,0246	0,0411
2556,0000	96,0622	0,0424
2557,0000	96,0998	0,0426
2558,0000	96,1374	0,0424
2559,0000	96,1750	0,0420
2560,0000	96,2125	0,0428
2561,0000	96,2501	0,0439
2562,0000	96,2877	0,0422
2563,0000	96,3253	0,0426
2564,0000	96,3629	0,0433
2565,0000	96,4005	0,0437
2566,0000	96,4380	0,0435
2567,0000	96,4756	0,0430
2568,0000	96,5132	0,0435
2569,0000	96,5508	0,0437
2570,0000	96,5884	0,0428
2571,0000	96,6260	0,0426
2572,0000	96,6635	0,0433
2573,0000	96,7011	0,0441
2574,0000	96,7387	0,0428
2575,0000	96,7763	0,0420
2576,0000	96,8139	0,0435
2577,0000	96,8514	0,0430
2578,0000	96,8890	0,0430
2579,0000	96,9266	0,0415
2580,0000	96,9642	0,0430
2581,0000	97,0018	0,0426
2582,0000	97,0394	0,0420
2583,0000	97,0769	0,0426
2584,0000	97,1145	0,0424
2585,0000	97,1521	0,0420
2586,0000	97,1897	0,0420
2587,0000	97,2273	0,0413
2588,0000	97,2649	0,0415
2589,0000	97,3024	0,0418
2590,0000	97,3400	0,0413
2591,0000	97,3776	0,0400
2592,0000	97,4152	0,0409
2593,0000	97,4528	0,0409
2594,0000	97,4904	0,0400
2595,0000	97,5279	0,0394
2596,0000	97,5655	0,0400
2597,0000	97,6031	0,0405
2598,0000	97,6407	0,0398
2599,0000	97,6783	0,0396
2600,0000	97,7159	0,0400
2601,0000	97,7534	0,0403
2602,0000	97,7910	0,0392
2603,0000	97,8286	0,0392
2604,0000	97,8662	0,0392
2605,0000	97,9038	0,0400
2606,0000	97,9414	0,0392
2607,0000	97,9789	0,0379
2608,0000	98,0165	0,0385
2609,0000	98,0541	0,0392
2610,0000	98,0917	0,0392
2611,0000	98,1293	0,0390
2612,0000	98,1669	0,0392
2613,0000	98,2044	0,0392
2614,0000	98,2420	0,0387
2615,0000	98,2796	0,0387
2616,0000	98,3172	0,0385
2617,0000	98,3548	0,0390
2618,0000	98,3924	0,0392
2619,0000	98,4299	0,0383
2620,0000	98,4675	0,0390
2621,0000	98,5051	0,0398
2622,0000	98,5427	0,0392
2623,0000	98,5803	0,0387
2624,0000	98,6179	0,0396
2625,0000	98,6554	0,0396
2626,0000	98,6930	0,0394
2627,0000	98,7306	0,0392
2628,0000	98,7682	0,0396
2629,0000	98,8058	0,0405
2630,0000	98,8434	0,0400
2631,0000	98,8809	0,0392
2632,0000	98,9185	0,0405
2633,0000	98,9561	0,0407
2634,0000	98,9937	0,0407
2635,0000	99,0313	0,0411
2636,0000	99,0688	0,0411
2637,0000	99,1064	0,0411
2638,0000	99,1440	0,0409
2639,0000	99,1816	0,0407
2640,0000	99,2192	0,0415
2641,0000	99,2568	0,0424
2642,0000	99,2943	0,0411
2643,0000	99,3319	0,0411
2644,0000	99,3695	0,0422
2645,0000	99,4071	0,0422
2646,0000	99,4447	0,0420
2647,0000	99,4823	0,0422
2648,0000	99,5198	0,0426
2649,0000	99,5574	0,0428
2650,0000	99,5950	0,0422
2651,0000	99,6326	0,0424
2652,0000	99,6702	0,0430
2653,0000	99,7078	0,0428
2654,0000	99,7453	0,0422
2655,0000	99,7829	0,0418
2656,0000	99,8205	0,0430
2657,0000	99,8581	0,0433
2658,0000	99,8957	0,0426
2659,0000	99,9333	0,0426
2660,0000	99,9708	NaN
2661,0000	100,0084	NaN
2662,0000	100,0460	NaN
2663,0000	100,0836	NaN
2664,0000	100,1212	NaN
2665,0000	100,1588	NaN
2666,0000	100,1963	NaN
2667,0000	100,2339	NaN
2668,0000	100,2715	NaN
2669,0000	100,3091	NaN
2670,0000	100,3467	NaN
2671,0000	100,3843	NaN
2672,0000	100,4218	NaN
2673,0000	100,4594	NaN
2674,0000	100,4970	NaN
2675,0000	100,5346	NaN
2676,0000	100,5722	NaN
2677,0000	100,6098	NaN
2678,0000	100,6473	NaN
2679,0000	100,6849	NaN
2680,0000	100,7225	NaN
2681,0000	100,7601	NaN
2682,0000	100,7977	NaN
2683,0000	100,8353	NaN
2684,0000	100,8728	NaN
2685,0000	100,9104	NaN
2686,0000	100,9480	NaN
2687,0000	100,9856	NaN
2688,0000	101,0232	NaN
2689,0000	101,0607	NaN
2690,0000	101,0983	NaN
2691,0000	101,1359	NaN
2692,0000	101,1735	NaN
2693,0000	101,2111	NaN
2694,0000	101,2487	NaN
2695,0000	101,2862	NaN
2696,0000	101,3238	NaN
2697,0000	101,3614	NaN
2698,0000	101,3990	NaN
2699,0000	101,4366	NaN
2700,0000	101,4742	NaN
2701,0000	101,5117	NaN
2702,0000	101,5493	NaN
2703,0000	101,5869	NaN
2704,0000	101,6245	NaN
2705,0000	101,6621	NaN
2706,0000	101,6997	NaN
2707,0000	101,7372	NaN
2708,0000	101,7748	NaN
2709,0000	101,8124	NaN
2710,0000	101,8500	NaN
2711,0000	101,8876	NaN
2712,0000	101,9252	NaN
2713,0000	101,9627	NaN
2714,0000	102,0003	NaN
2715,0000	102,0379	NaN
2716,0000	102,0755	NaN
2717,0000	102,1131	NaN
2718,0000	102,1507	NaN
2719,0000	102,1882	NaN
2720,0000	102,2258	NaN
2721,0000	102,2634	NaN
2722,0000	102,3010	NaN
2723,0000	102,3386	NaN
2724,0000	102,3762	NaN
2725,0000	102,4137	NaN
2726,0000	102,4513	NaN
2727,0000	102,4889	NaN
2728,0000	102,5265	NaN
2729,0000	102,5641	NaN
2730,0000	102,6017	NaN
2731,0000	102,6392	NaN
2732,0000	102,6768	NaN
2733,0000	102,7144	NaN
2734,0000	102,7520	NaN
2735,0000	102,7896	NaN
2736,0000	102,8272	NaN
2737,0000	102,8647	NaN
2738,0000	102,9023	NaN
2739,0000	102,9399	NaN
2740,0000	102,9775	NaN
2741,0000	103,0151	NaN
2742,0000	103,0526	NaN
2743,0000	103,0902	NaN
2744,0000	103,1278	NaN
2745,0000	103,1654	NaN
2746,0000	103,2030	NaN
2747,0000	103,2406	NaN
2748,0000	103,2781	NaN
2749,0000	103,3157	NaN
2750,0000	103,3533	NaN
2751,0000	103,3909	NaN
2752,0000	103,4285	NaN
2753,0000	103,4661	NaN
2754,0000	103,5036	NaN
2755,0000	103,5412	NaN
2756,0000	103,5788	NaN
2757,0000	103,6164	NaN
2758,0000	103,6540	NaN
2759,0000	103,6916	NaN
2760,0000	103,7291	NaN
2761,0000	103,7667	NaN
2762,0000	103,8043	NaN
2763,0000	103,8419	NaN
2764,0000	103,8795	NaN
2765,0000	103,9171	NaN
2766,0000	103,9546	NaN
2767,0000	103,9922	NaN
2768,0000	104,0298	NaN
2769,0000	104,0674	NaN
2770,0000	104,1050	NaN
2771,0000	104,1426	NaN
2772,0000	104,1801	NaN
2773,0000	104,2177	NaN
2774,0000	104,2553	NaN
2775,0000	104,2929	NaN
2776,0000	104,3305	NaN
2777,0000	104,3681	NaN
2778,0000	104,4056	NaN
2779,0000	104,4432	NaN
2780,0000	104,4808	NaN
2781,0000	104,5184	NaN
2782,0000	104,5560	NaN
2783,0000	104,5936	NaN
2784,0000	104,6311	NaN
2785,0000	104,6687	NaN
2786,0000	104,7063	NaN
2787,0000	104,7439	NaN
2788,0000	104,7815	NaN
2789,0000	104,8191	NaN
2790,0000	104,8566	NaN
2791,0000	104,8942	NaN
2792,0000	104,9318	NaN
2793,0000	104,9694	NaN
2794,0000	105,0070	NaN
2795,0000	105,0445	NaN
2796,0000	105,0821	NaN
2797,0000	105,1197	NaN
2798,0000	105,1573	NaN
2799,0000	105,1949	NaN
2800,0000	105,2325	NaN
2801,0000	105,2700	NaN
2802,0000	105,3076	NaN
2803,0000	105,3452	NaN
2804,0000	105,3828	NaN
2805,0000	105,4204	NaN
2806,0000	105,4580	NaN
2807,0000	105,4955	NaN
2808,0000	105,5331	NaN
2809,0000	105,5707	NaN
2810,0000	105,6083	NaN
2811,0000	105,6459	NaN
2812,0000	105,6835	NaN
2813,0000	105,7210	NaN
2814,0000	105,7586	NaN
2815,0000	105,7962	NaN
2816,0000	105,8338	NaN
2817,0000	105,8714	NaN
2818,0000	105,9090	NaN
2819,0000	105,9465	NaN
2820,0000	105,9841	NaN
2821,0000	106,0217	NaN
2822,0000	106,0593	NaN
2823,0000	106,0969	NaN
2824,0000	106,1345	NaN
2825,0000	106,1720	NaN
2826,0000	106,2096	NaN
2827,0000	106,2472	NaN
2828,0000	106,2848	NaN
2829,0000	106,3224	NaN
2830,0000	106,3600	NaN
2831,0000	106,3975	NaN
2832,0000	106,4351	NaN
2833,0000	106,4727	NaN
2834,0000	106,5103	NaN
2835,0000	106,5479	NaN
2836,0000	106,5855	NaN
2837,0000	106,6230	NaN
2838,0000	106,6606	NaN
2839,0000	106,6982	NaN
2840,0000	106,7358	NaN
2841,0000	106,7734	NaN
2842,0000	106,8110	NaN
2843,0000	106,8485	NaN
2844,0000	106,8861	NaN
2845,0000	106,9237	NaN
2846,0000	106,9613	NaN
2847,0000	106,9989	NaN
2848,0000	107,0364	NaN
2849,0000	107,0740	NaN
2850,0000	107,1116	NaN
2851,0000	107,1492	NaN
2852,0000	107,1868	NaN
2853,0000	107,2244	NaN
2854,0000	107,2619	NaN
2855,0000	107,2995	NaN
2856,0000	107,3371	NaN
2857,0000	107,3747	NaN
2858,0000	107,4123	NaN
2859,0000	107,4499	NaN
2860,0000	107,4874	NaN
2861,0000	107,5250	NaN
2862,0000	107,5626	NaN
2863,0000	107,6002	NaN
2864,0000	107,6378	NaN
2865,0000	107,6754	NaN
2866,0000	107,7129	NaN
2867,0000	107,7505	NaN
2868,0000	107,7881	NaN
2869,0000	107,8257	NaN
2870,0000	107,8633	NaN
2871,0000	107,9009	NaN
2872,0000	107,9384	NaN
2873,0000	107,9760	NaN
2874,0000	108,0136	NaN
2875,0000	108,0512	NaN
2876,0000	108,0888	NaN
2877,0000	108,1264	NaN
2878,0000	108,1639	NaN
2879,0000	108,2015	NaN
2880,0000	108,2391	NaN
2881,0000	108,2767	NaN
2882,0000	108,3143	NaN
2883,0000	108,3519	NaN
2884,0000	108,3894	NaN
2885,0000	108,4270	NaN
2886,0000	108,4646	NaN
2887,0000	108,5022	NaN
2888,0000	108,5398	NaN
2889,0000	108,5774	NaN
2890,0000	108,6149	NaN
2891,0000	108,6525	NaN
2892,0000	108,6901	NaN
2893,0000	108,7277	NaN
2894,0000	108,7653	NaN
2895,0000	108,8029	NaN
2896,0000	108,8404	NaN
2897,0000	108,8780	NaN
2898,0000	108,9156	NaN
2899,0000	108,9532	NaN
2900,0000	108,9908	NaN
2901,0000	109,0283	NaN
2902,0000	109,0659	NaN
2903,0000	109,1035	NaN
2904,0000	109,1411	NaN
2905,0000	109,1787	NaN
2906,0000	109,2163	NaN
2907,0000	109,2538	NaN
2908,0000	109,2914	NaN
2909,0000	109,3290	NaN
2910,0000	109,3666	NaN
2911,0000	109,4042	NaN
2912,0000	109,4418	NaN
2913,0000	109,4793	NaN
2914,0000	109,5169	NaN
2915,0000	109,5545	NaN
2916,0000	109,5921	NaN
2917,0000	109,6297	NaN
2918,0000	109,6673	NaN
2919,0000	109,7048	NaN
2920,0000	109,7424	NaN
2921,0000	109,7800	NaN
2922,0000	109,8176	NaN
2923,0000	109,8552	NaN
2924,0000	109,8928	NaN
2925,0000	109,9303	NaN
2926,0000	109,9679	NaN
2927,0000	110,0055	NaN
2928,0000	110,0431	NaN
2929,0000	110,0807	NaN
2930,0000	110,1183	NaN
2931,0000	110,1558	NaN
2932,0000	110,1934	NaN
2933,0000	110,2310	NaN
2934,0000	110,2686	NaN
2935,0000	110,3062	NaN
2936,0000	110,3438	NaN
2937,0000	110,3813	NaN
2938,0000	110,4189	NaN
2939,0000	110,4565	NaN
2940,0000	110,4941	NaN
2941,0000	110,5317	NaN
2942,0000	110,5693	NaN
2943,0000	110,6068	NaN
2944,0000	110,6444	NaN
2945,0000	110,6820	NaN
2946,0000	110,7196	NaN
2947,0000	110,7572	NaN
2948,0000	110,7948	NaN
2949,0000	110,8323	NaN
2950,0000	110,8699	NaN
2951,0000	110,9075	NaN
2952,0000	110,9451	NaN
2953,0000	110,9827	NaN
2954,0000	111,0202	NaN
2955,0000	111,0578	NaN
2956,0000	111,0954	NaN
2957,0000	111,1330	NaN
2958,0000	111,1706	NaN
2959,0000	111,2082	NaN
2960,0000	111,2457	NaN
2961,0000	111,2833	NaN
2962,0000	111,3209	NaN
2963,0000	111,3585	NaN
2964,0000	111,3961	NaN
2965,0000	111,4337	NaN
2966,0000	111,4712	NaN
2967,0000	111,5088	NaN
2968,0000	111,5464	NaN
2969,0000	111,5840	NaN
2970,0000	111,6216	NaN
2971,0000	111,6592	NaN
2972,0000	111,6967	NaN
2973,0000	111,7343	NaN
2974,0000	111,7719	NaN
2975,0000	111,8095	NaN
2976,0000	111,8471	NaN
2977,0000	111,8847	NaN
2978,0000	111,9222	NaN
2979,0000	111,9598	NaN
2980,0000	111,9974	NaN
2981,0000	112,0350	NaN
2982,0000	112,0726	NaN
2983,0000	112,1102	NaN
2984,0000	112,1477	NaN
2985,0000	112,1853	NaN
2986,0000	112,2229	NaN
2987,0000	112,2605	NaN
2988,0000	112,2981	NaN
2989,0000	112,3357	NaN
2990,0000	112,3732	NaN
2991,0000	112,4108	NaN
2992,0000	112,4484	NaN
2993,0000	112,4860	NaN
2994,0000	112,5236	NaN
2995,0000	112,5612	NaN
2996,0000	112,5987	NaN
2997,0000	112,6363	NaN
2998,0000	112,6739	NaN
2999,0000	112,7115	NaN
3000,0000	112,7491	NaN
3001,0000	112,7867	NaN
3002,0000	112,8242	NaN
3003,0000	112,8618	NaN
3004,0000	112,8994	NaN
3005,0000	112,9370	NaN
3006,0000	112,9746	NaN
3007,0000	113,0121	NaN
3008,0000	113,0497	NaN
3009,0000	113,0873	NaN
3010,0000	113,1249	NaN
3011,0000	113,1625	NaN
3012,0000	113,2001	NaN
3013,0000	113,2376	NaN
3014,0000	113,2752	NaN
3015,0000	113,3128	NaN
3016,0000	113,3504	NaN
3017,0000	113,3880	NaN
3018,0000	113,4256	NaN
3019,0000	113,4631	NaN
3020,0000	113,5007	NaN
3021,0000	113,5383	NaN
3022,0000	113,5759	NaN
3023,0000	113,6135	NaN
3024,0000	113,6511	NaN
3025,0000	113,6886	NaN
3026,0000	113,7262	NaN
3027,0000	113,7638	NaN
3028,0000	113,8014	NaN
3029,0000	113,8390	NaN
3030,0000	113,8766	NaN
3031,0000	113,9141	NaN
3032,0000	113,9517	NaN
3033,0000	113,9893	NaN
3034,0000	114,0269	NaN
3035,0000	114,0645	NaN
3036,0000	114,1021	NaN
3037,0000	114,1396	NaN
3038,0000	114,1772	NaN
3039,0000	114,2148	NaN
3040,0000	114,2524	NaN
3041,0000	114,2900	NaN
3042,0000	114,3276	NaN
3043,0000	114,3651	NaN
3044,0000	114,4027	NaN
3045,0000	114,4403	NaN
3046,0000	114,4779	NaN
3047,0000	114,5155	NaN
3048,0000	114,5531	NaN
3049,0000	114,5906	NaN
3050,0000	114,6282	NaN
3051,0000	114,6658	NaN
3052,0000	114,7034	NaN
3053,0000	114,7410	NaN
3054,0000	114,7786	NaN
3055,0000	114,8161	NaN
3056,0000	114,8537	NaN
3057,0000	114,8913	NaN
3058,0000	114,9289	NaN
3059,0000	114,9665	NaN
3060,0000	115,0040	NaN
3061,0000	115,0416	NaN
3062,0000	115,0792	NaN
3063,0000	115,1168	NaN
3064,0000	115,1544	NaN
3065,0000	115,1920	NaN
3066,0000	115,2295	NaN
3067,0000	115,2671	NaN
3068,0000	115,3047	NaN
3069,0000	115,3423	NaN
3070,0000	115,3799	NaN
3071,0000	115,4175	NaN
3072,0000	115,4550	NaN
3073,0000	115,4926	NaN
3074,0000	115,5302	NaN
3075,0000	115,5678	NaN
3076,0000	115,6054	NaN
3077,0000	115,6430	NaN
3078,0000	115,6805	NaN
3079,0000	115,7181	NaN
3080,0000	115,7557	NaN
3081,0000	115,7933	NaN
3082,0000	115,8309	NaN
3083,0000	115,8685	NaN
