# 09_12_2020_16_46_45_G6_62_DoppelspaltB_02_1851
# Messung der Beugung an Spalten und Gittern
# 6.2_DoppelspaltB_02
# position(Nr) position(mm) Messwerte(V)
0,0000	0,0000	0,1968
1,0000	0,0626	0,1948
2,0000	0,1253	0,1950
3,0000	0,1879	0,1963
4,0000	0,2506	0,1950
5,0000	0,3132	0,1920
6,0000	0,3758	0,1930
7,0000	0,4385	0,1944
8,0000	0,5011	0,1940
9,0000	0,5637	0,1923
10,0000	0,6264	0,1929
11,0000	0,6890	0,1950
12,0000	0,7517	0,1948
13,0000	0,8143	0,1932
14,0000	0,8769	0,1936
15,0000	0,9396	0,1953
16,0000	1,0022	0,1947
17,0000	1,0649	0,1935
18,0000	1,1275	0,1941
19,0000	1,1901	0,1961
20,0000	1,2528	0,1959
21,0000	1,3154	0,1943
22,0000	1,3780	0,1939
23,0000	1,4407	0,1967
24,0000	1,5033	0,1971
25,0000	1,5660	0,1953
26,0000	1,6286	0,1950
27,0000	1,6912	0,1971
28,0000	1,7539	0,1976
29,0000	1,8165	0,1958
30,0000	1,8792	0,1940
31,0000	1,9418	0,1966
32,0000	2,0044	0,1963
33,0000	2,0671	0,1939
34,0000	2,1297	0,1932
35,0000	2,1923	0,1953
36,0000	2,2550	0,1956
37,0000	2,3176	0,1936
38,0000	2,3803	0,1929
39,0000	2,4429	0,1953
40,0000	2,5055	0,1958
41,0000	2,5682	0,1943
42,0000	2,6308	0,1941
43,0000	2,6934	0,1965
44,0000	2,7561	0,1971
45,0000	2,8187	0,1968
46,0000	2,8814	0,1961
47,0000	2,9440	0,1981
48,0000	3,0066	0,1992
49,0000	3,0693	0,1986
50,0000	3,1319	0,1968
51,0000	3,1946	0,1988
52,0000	3,2572	0,2003
53,0000	3,3198	0,1981
54,0000	3,3825	0,1977
55,0000	3,4451	0,2006
56,0000	3,5077	0,2008
57,0000	3,5704	0,2007
58,0000	3,6330	0,1992
59,0000	3,6957	0,2005
60,0000	3,7583	0,2019
61,0000	3,8209	0,2011
62,0000	3,8836	0,2001
63,0000	3,9462	0,2025
64,0000	4,0089	0,2034
65,0000	4,0715	0,2030
66,0000	4,1341	0,2016
67,0000	4,1968	0,2033
68,0000	4,2594	0,2043
69,0000	4,3220	0,2032
70,0000	4,3847	0,2016
71,0000	4,4473	0,2030
72,0000	4,5100	0,2042
73,0000	4,5726	0,2034
74,0000	4,6352	0,2021
75,0000	4,6979	0,2019
76,0000	4,7605	0,2035
77,0000	4,8232	0,2024
78,0000	4,8858	0,2012
79,0000	4,9484	0,2026
80,0000	5,0111	0,2056
81,0000	5,0737	0,2050
82,0000	5,1363	0,2035
83,0000	5,1990	0,2043
84,0000	5,2616	0,2059
85,0000	5,3243	0,2056
86,0000	5,3869	0,2033
87,0000	5,4495	0,2047
88,0000	5,5122	0,2062
89,0000	5,5748	0,2055
90,0000	5,6375	0,2025
91,0000	5,7001	0,2024
92,0000	5,7627	0,2032
93,0000	5,8254	0,2017
94,0000	5,8880	0,1989
95,0000	5,9506	0,1979
96,0000	6,0133	0,1997
97,0000	6,0759	0,1993
98,0000	6,1386	0,1968
99,0000	6,2012	0,1957
100,0000	6,2638	0,1983
101,0000	6,3265	0,1984
102,0000	6,3891	0,1967
103,0000	6,4518	0,1980
104,0000	6,5144	0,2020
105,0000	6,5770	0,2033
106,0000	6,6397	0,2025
107,0000	6,7023	0,2055
108,0000	6,7649	0,2099
109,0000	6,8276	0,2109
110,0000	6,8902	0,2113
111,0000	6,9529	0,2135
112,0000	7,0155	0,2165
113,0000	7,0781	0,2190
114,0000	7,1408	0,2187
115,0000	7,2034	0,2194
116,0000	7,2661	0,2218
117,0000	7,3287	0,2221
118,0000	7,3913	0,2209
119,0000	7,4540	0,2207
120,0000	7,5166	0,2229
121,0000	7,5792	0,2235
122,0000	7,6419	0,2220
123,0000	7,7045	0,2205
124,0000	7,7672	0,2216
125,0000	7,8298	0,2234
126,0000	7,8924	0,2218
127,0000	7,9551	0,2208
128,0000	8,0177	0,2207
129,0000	8,0803	0,2220
130,0000	8,1430	0,2194
131,0000	8,2056	0,2175
132,0000	8,2683	0,2182
133,0000	8,3309	0,2162
134,0000	8,3935	0,2122
135,0000	8,4562	0,2082
136,0000	8,5188	0,2060
137,0000	8,5815	0,2060
138,0000	8,6441	0,2008
139,0000	8,7067	0,1976
140,0000	8,7694	0,1975
141,0000	8,8320	0,1963
142,0000	8,8946	0,1948
143,0000	8,9573	0,1920
144,0000	9,0199	0,1925
145,0000	9,0826	0,1934
146,0000	9,1452	0,1923
147,0000	9,2078	0,1907
148,0000	9,2705	0,1914
149,0000	9,3331	0,1930
150,0000	9,3958	0,1923
151,0000	9,4584	0,1903
152,0000	9,5210	0,1912
153,0000	9,5837	0,1922
154,0000	9,6463	0,1917
155,0000	9,7089	0,1895
156,0000	9,7716	0,1903
157,0000	9,8342	0,1913
158,0000	9,8969	0,1903
159,0000	9,9595	0,1882
160,0000	10,0221	0,1883
161,0000	10,0848	0,1907
162,0000	10,1474	0,1889
163,0000	10,2101	0,1868
164,0000	10,2727	0,1873
165,0000	10,3353	0,1890
166,0000	10,3980	0,1886
167,0000	10,4606	0,1865
168,0000	10,5232	0,1876
169,0000	10,5859	0,1894
170,0000	10,6485	0,1886
171,0000	10,7112	0,1862
172,0000	10,7738	0,1872
173,0000	10,8364	0,1882
174,0000	10,8991	0,1882
175,0000	10,9617	0,1868
176,0000	11,0244	0,1864
177,0000	11,0870	0,1883
178,0000	11,1496	0,1889
179,0000	11,2123	0,1867
180,0000	11,2749	0,1871
181,0000	11,3375	0,1883
182,0000	11,4002	0,1882
183,0000	11,4628	0,1869
184,0000	11,5255	0,1868
185,0000	11,5881	0,1886
186,0000	11,6507	0,1894
187,0000	11,7134	0,1876
188,0000	11,7760	0,1873
189,0000	11,8387	0,1892
190,0000	11,9013	0,1890
191,0000	11,9639	0,1882
192,0000	12,0266	0,1881
193,0000	12,0892	0,1894
194,0000	12,1518	0,1903
195,0000	12,2145	0,1890
196,0000	12,2771	0,1877
197,0000	12,3398	0,1895
198,0000	12,4024	0,1901
199,0000	12,4650	0,1899
200,0000	12,5277	0,1887
201,0000	12,5903	0,1909
202,0000	12,6530	0,1913
203,0000	12,7156	0,1903
204,0000	12,7782	0,1886
205,0000	12,8409	0,1903
206,0000	12,9035	0,1913
207,0000	12,9661	0,1900
208,0000	13,0288	0,1894
209,0000	13,0914	0,1909
210,0000	13,1541	0,1922
211,0000	13,2167	0,1905
212,0000	13,2793	0,1891
213,0000	13,3420	0,1899
214,0000	13,4046	0,1920
215,0000	13,4672	0,1903
216,0000	13,5299	0,1895
217,0000	13,5925	0,1909
218,0000	13,6552	0,1922
219,0000	13,7178	0,1914
220,0000	13,7804	0,1894
221,0000	13,8431	0,1909
222,0000	13,9057	0,1917
223,0000	13,9684	0,1911
224,0000	14,0310	0,1896
225,0000	14,0936	0,1895
226,0000	14,1563	0,1922
227,0000	14,2189	0,1903
228,0000	14,2815	0,1889
229,0000	14,3442	0,1896
230,0000	14,4068	0,1905
231,0000	14,4695	0,1899
232,0000	14,5321	0,1874
233,0000	14,5947	0,1886
234,0000	14,6574	0,1903
235,0000	14,7200	0,1898
236,0000	14,7827	0,1873
237,0000	14,8453	0,1878
238,0000	14,9079	0,1900
239,0000	14,9706	0,1899
240,0000	15,0332	0,1874
241,0000	15,0958	0,1876
242,0000	15,1585	0,1885
243,0000	15,2211	0,1890
244,0000	15,2838	0,1877
245,0000	15,3464	0,1869
246,0000	15,4090	0,1891
247,0000	15,4717	0,1890
248,0000	15,5343	0,1871
249,0000	15,5970	0,1868
250,0000	15,6596	0,1881
251,0000	15,7222	0,1882
252,0000	15,7849	0,1867
253,0000	15,8475	0,1858
254,0000	15,9101	0,1887
255,0000	15,9728	0,1895
256,0000	16,0354	0,1867
257,0000	16,0981	0,1863
258,0000	16,1607	0,1880
259,0000	16,2233	0,1882
260,0000	16,2860	0,1863
261,0000	16,3486	0,1859
262,0000	16,4113	0,1873
263,0000	16,4739	0,1881
264,0000	16,5365	0,1868
265,0000	16,5992	0,1859
266,0000	16,6618	0,1865
267,0000	16,7244	0,1876
268,0000	16,7871	0,1859
269,0000	16,8497	0,1856
270,0000	16,9124	0,1862
271,0000	16,9750	0,1878
272,0000	17,0376	0,1860
273,0000	17,1003	0,1853
274,0000	17,1629	0,1859
275,0000	17,2256	0,1882
276,0000	17,2882	0,1867
277,0000	17,3508	0,1845
278,0000	17,4135	0,1860
279,0000	17,4761	0,1880
280,0000	17,5387	0,1867
281,0000	17,6014	0,1851
282,0000	17,6640	0,1863
283,0000	17,7267	0,1876
284,0000	17,7893	0,1874
285,0000	17,8519	0,1851
286,0000	17,9146	0,1872
287,0000	17,9772	0,1883
288,0000	18,0399	0,1883
289,0000	18,1025	0,1864
290,0000	18,1651	0,1873
291,0000	18,2278	0,1894
292,0000	18,2904	0,1883
293,0000	18,3530	0,1865
294,0000	18,4157	0,1885
295,0000	18,4783	0,1901
296,0000	18,5410	0,1900
297,0000	18,6036	0,1880
298,0000	18,6662	0,1889
299,0000	18,7289	0,1912
300,0000	18,7915	0,1909
301,0000	18,8541	0,1890
302,0000	18,9168	0,1896
303,0000	18,9794	0,1917
304,0000	19,0421	0,1930
305,0000	19,1047	0,1916
306,0000	19,1673	0,1913
307,0000	19,2300	0,1934
308,0000	19,2926	0,1930
309,0000	19,3553	0,1909
310,0000	19,4179	0,1920
311,0000	19,4805	0,1943
312,0000	19,5432	0,1950
313,0000	19,6058	0,1929
314,0000	19,6684	0,1920
315,0000	19,7311	0,1943
316,0000	19,7937	0,1943
317,0000	19,8564	0,1923
318,0000	19,9190	0,1925
319,0000	19,9816	0,1950
320,0000	20,0443	0,1947
321,0000	20,1069	0,1936
322,0000	20,1696	0,1932
323,0000	20,2322	0,1944
324,0000	20,2948	0,1950
325,0000	20,3575	0,1934
326,0000	20,4201	0,1934
327,0000	20,4827	0,1949
328,0000	20,5454	0,1959
329,0000	20,6080	0,1945
330,0000	20,6707	0,1940
331,0000	20,7333	0,1950
332,0000	20,7959	0,1949
333,0000	20,8586	0,1939
334,0000	20,9212	0,1935
335,0000	20,9839	0,1949
336,0000	21,0465	0,1972
337,0000	21,1091	0,1947
338,0000	21,1718	0,1935
339,0000	21,2344	0,1947
340,0000	21,2970	0,1956
341,0000	21,3597	0,1945
342,0000	21,4223	0,1932
343,0000	21,4850	0,1958
344,0000	21,5476	0,1965
345,0000	21,6102	0,1949
346,0000	21,6729	0,1926
347,0000	21,7355	0,1935
348,0000	21,7982	0,1952
349,0000	21,8608	0,1935
350,0000	21,9234	0,1931
351,0000	21,9861	0,1932
352,0000	22,0487	0,1936
353,0000	22,1113	0,1930
354,0000	22,1740	0,1912
355,0000	22,2366	0,1921
356,0000	22,2993	0,1926
357,0000	22,3619	0,1920
358,0000	22,4245	0,1907
359,0000	22,4872	0,1912
360,0000	22,5498	0,1927
361,0000	22,6125	0,1913
362,0000	22,6751	0,1885
363,0000	22,7377	0,1896
364,0000	22,8004	0,1913
365,0000	22,8630	0,1903
366,0000	22,9256	0,1889
367,0000	22,9883	0,1889
368,0000	23,0509	0,1901
369,0000	23,1136	0,1891
370,0000	23,1762	0,1872
371,0000	23,2388	0,1877
372,0000	23,3015	0,1892
373,0000	23,3641	0,1892
374,0000	23,4268	0,1872
375,0000	23,4894	0,1869
376,0000	23,5520	0,1885
377,0000	23,6147	0,1877
378,0000	23,6773	0,1859
379,0000	23,7399	0,1858
380,0000	23,8026	0,1880
381,0000	23,8652	0,1874
382,0000	23,9279	0,1862
383,0000	23,9905	0,1860
384,0000	24,0531	0,1877
385,0000	24,1158	0,1876
386,0000	24,1784	0,1850
387,0000	24,2410	0,1850
388,0000	24,3037	0,1868
389,0000	24,3663	0,1867
390,0000	24,4290	0,1853
391,0000	24,4916	0,1855
392,0000	24,5542	0,1868
393,0000	24,6169	0,1868
394,0000	24,6795	0,1853
395,0000	24,7422	0,1851
396,0000	24,8048	0,1871
397,0000	24,8674	0,1873
398,0000	24,9301	0,1859
399,0000	24,9927	0,1862
400,0000	25,0553	0,1880
401,0000	25,1180	0,1876
402,0000	25,1806	0,1864
403,0000	25,2433	0,1862
404,0000	25,3059	0,1877
405,0000	25,3685	0,1882
406,0000	25,4312	0,1878
407,0000	25,4938	0,1874
408,0000	25,5565	0,1891
409,0000	25,6191	0,1904
410,0000	25,6817	0,1885
411,0000	25,7444	0,1877
412,0000	25,8070	0,1895
413,0000	25,8696	0,1913
414,0000	25,9323	0,1909
415,0000	25,9949	0,1899
416,0000	26,0576	0,1918
417,0000	26,1202	0,1929
418,0000	26,1828	0,1912
419,0000	26,2455	0,1904
420,0000	26,3081	0,1920
421,0000	26,3708	0,1936
422,0000	26,4334	0,1935
423,0000	26,4960	0,1923
424,0000	26,5587	0,1947
425,0000	26,6213	0,1963
426,0000	26,6839	0,1938
427,0000	26,7466	0,1930
428,0000	26,8092	0,1950
429,0000	26,8719	0,1968
430,0000	26,9345	0,1962
431,0000	26,9971	0,1957
432,0000	27,0598	0,1980
433,0000	27,1224	0,1996
434,0000	27,1851	0,1979
435,0000	27,2477	0,1961
436,0000	27,3103	0,1976
437,0000	27,3730	0,2003
438,0000	27,4356	0,2002
439,0000	27,4982	0,1992
440,0000	27,5609	0,2010
441,0000	27,6235	0,2019
442,0000	27,6862	0,2005
443,0000	27,7488	0,1984
444,0000	27,8114	0,2002
445,0000	27,8741	0,2032
446,0000	27,9367	0,2028
447,0000	27,9994	0,2016
448,0000	28,0620	0,2026
449,0000	28,1246	0,2041
450,0000	28,1873	0,2024
451,0000	28,2499	0,2006
452,0000	28,3125	0,2020
453,0000	28,3752	0,2048
454,0000	28,4378	0,2046
455,0000	28,5005	0,2026
456,0000	28,5631	0,2034
457,0000	28,6257	0,2043
458,0000	28,6884	0,2035
459,0000	28,7510	0,2008
460,0000	28,8137	0,2023
461,0000	28,8763	0,2055
462,0000	28,9389	0,2057
463,0000	29,0016	0,2034
464,0000	29,0642	0,2041
465,0000	29,1268	0,2053
466,0000	29,1895	0,2042
467,0000	29,2521	0,2019
468,0000	29,3148	0,2026
469,0000	29,3774	0,2048
470,0000	29,4400	0,2056
471,0000	29,5027	0,2033
472,0000	29,5653	0,2025
473,0000	29,6279	0,2032
474,0000	29,6906	0,2037
475,0000	29,7532	0,2015
476,0000	29,8159	0,2021
477,0000	29,8785	0,2037
478,0000	29,9411	0,2042
479,0000	30,0038	0,2016
480,0000	30,0664	0,2003
481,0000	30,1291	0,2011
482,0000	30,1917	0,2010
483,0000	30,2543	0,1994
484,0000	30,3170	0,1996
485,0000	30,3796	0,2007
486,0000	30,4422	0,2008
487,0000	30,5049	0,1988
488,0000	30,5675	0,1971
489,0000	30,6302	0,1986
490,0000	30,6928	0,1986
491,0000	30,7554	0,1971
492,0000	30,8181	0,1974
493,0000	30,8807	0,1984
494,0000	30,9434	0,1980
495,0000	31,0060	0,1958
496,0000	31,0686	0,1944
497,0000	31,1313	0,1952
498,0000	31,1939	0,1959
499,0000	31,2565	0,1952
500,0000	31,3192	0,1938
501,0000	31,3818	0,1949
502,0000	31,4445	0,1953
503,0000	31,5071	0,1923
504,0000	31,5697	0,1911
505,0000	31,6324	0,1926
506,0000	31,6950	0,1931
507,0000	31,7577	0,1920
508,0000	31,8203	0,1908
509,0000	31,8829	0,1918
510,0000	31,9456	0,1927
511,0000	32,0082	0,1908
512,0000	32,0708	0,1895
513,0000	32,1335	0,1907
514,0000	32,1961	0,1922
515,0000	32,2588	0,1909
516,0000	32,3214	0,1895
517,0000	32,3840	0,1904
518,0000	32,4467	0,1920
519,0000	32,5093	0,1908
520,0000	32,5720	0,1890
521,0000	32,6346	0,1904
522,0000	32,6972	0,1911
523,0000	32,7599	0,1904
524,0000	32,8225	0,1896
525,0000	32,8851	0,1909
526,0000	32,9478	0,1930
527,0000	33,0104	0,1918
528,0000	33,0731	0,1909
529,0000	33,1357	0,1916
530,0000	33,1983	0,1936
531,0000	33,2610	0,1922
532,0000	33,3236	0,1917
533,0000	33,3863	0,1931
534,0000	33,4489	0,1954
535,0000	33,5115	0,1956
536,0000	33,5742	0,1936
537,0000	33,6368	0,1945
538,0000	33,6994	0,1966
539,0000	33,7621	0,1961
540,0000	33,8247	0,1952
541,0000	33,8874	0,1967
542,0000	33,9500	0,2001
543,0000	34,0126	0,1999
544,0000	34,0753	0,1989
545,0000	34,1379	0,1990
546,0000	34,2006	0,2006
547,0000	34,2632	0,2011
548,0000	34,3258	0,2005
549,0000	34,3885	0,2024
550,0000	34,4511	0,2056
551,0000	34,5137	0,2051
552,0000	34,5764	0,2042
553,0000	34,6390	0,2037
554,0000	34,7017	0,2055
555,0000	34,7643	0,2057
556,0000	34,8269	0,2057
557,0000	34,8896	0,2075
558,0000	34,9522	0,2115
559,0000	35,0148	0,2119
560,0000	35,0775	0,2091
561,0000	35,1401	0,2087
562,0000	35,2028	0,2104
563,0000	35,2654	0,2114
564,0000	35,3280	0,2114
565,0000	35,3907	0,2129
566,0000	35,4533	0,2162
567,0000	35,5160	0,2162
568,0000	35,5786	0,2136
569,0000	35,6412	0,2126
570,0000	35,7039	0,2146
571,0000	35,7665	0,2169
572,0000	35,8291	0,2163
573,0000	35,8918	0,2184
574,0000	35,9544	0,2202
575,0000	36,0171	0,2212
576,0000	36,0797	0,2182
577,0000	36,1423	0,2163
578,0000	36,2050	0,2181
579,0000	36,2676	0,2209
580,0000	36,3303	0,2214
581,0000	36,3929	0,2218
582,0000	36,4555	0,2238
583,0000	36,5182	0,2229
584,0000	36,5808	0,2205
585,0000	36,6434	0,2186
586,0000	36,7061	0,2208
587,0000	36,7687	0,2236
588,0000	36,8314	0,2241
589,0000	36,8940	0,2240
590,0000	36,9566	0,2243
591,0000	37,0193	0,2241
592,0000	37,0819	0,2218
593,0000	37,1446	0,2198
594,0000	37,2072	0,2222
595,0000	37,2698	0,2248
596,0000	37,3325	0,2250
597,0000	37,3951	0,2231
598,0000	37,4577	0,2236
599,0000	37,5204	0,2232
600,0000	37,5830	0,2209
601,0000	37,6457	0,2186
602,0000	37,7083	0,2204
603,0000	37,7709	0,2230
604,0000	37,8336	0,2227
605,0000	37,8962	0,2204
606,0000	37,9589	0,2199
607,0000	38,0215	0,2191
608,0000	38,0841	0,2169
609,0000	38,1468	0,2141
610,0000	38,2094	0,2159
611,0000	38,2720	0,2168
612,0000	38,3347	0,2171
613,0000	38,3973	0,2140
614,0000	38,4600	0,2122
615,0000	38,5226	0,2124
616,0000	38,5852	0,2106
617,0000	38,6479	0,2086
618,0000	38,7105	0,2096
619,0000	38,7732	0,2120
620,0000	38,8358	0,2101
621,0000	38,8984	0,2070
622,0000	38,9611	0,2053
623,0000	39,0237	0,2052
624,0000	39,0863	0,2035
625,0000	39,1490	0,2017
626,0000	39,2116	0,2029
627,0000	39,2743	0,2035
628,0000	39,3369	0,2028
629,0000	39,3995	0,1997
630,0000	39,4622	0,1976
631,0000	39,5248	0,1996
632,0000	39,5875	0,1979
633,0000	39,6501	0,1966
634,0000	39,7127	0,1968
635,0000	39,7754	0,1988
636,0000	39,8380	0,1974
637,0000	39,9006	0,1939
638,0000	39,9633	0,1930
639,0000	40,0259	0,1948
640,0000	40,0886	0,1948
641,0000	40,1512	0,1927
642,0000	40,2138	0,1930
643,0000	40,2765	0,1944
644,0000	40,3391	0,1944
645,0000	40,4017	0,1916
646,0000	40,4644	0,1912
647,0000	40,5270	0,1931
648,0000	40,5897	0,1931
649,0000	40,6523	0,1911
650,0000	40,7149	0,1913
651,0000	40,7776	0,1934
652,0000	40,8402	0,1936
653,0000	40,9029	0,1923
654,0000	40,9655	0,1931
655,0000	41,0281	0,1948
656,0000	41,0908	0,1952
657,0000	41,1534	0,1935
658,0000	41,2160	0,1944
659,0000	41,2787	0,1963
660,0000	41,3413	0,1985
661,0000	41,4040	0,1980
662,0000	41,4666	0,1984
663,0000	41,5292	0,2006
664,0000	41,5919	0,2016
665,0000	41,6545	0,1996
666,0000	41,7172	0,1997
667,0000	41,7798	0,2035
668,0000	41,8424	0,2065
669,0000	41,9051	0,2066
670,0000	41,9677	0,2069
671,0000	42,0303	0,2093
672,0000	42,0930	0,2104
673,0000	42,1556	0,2095
674,0000	42,2183	0,2101
675,0000	42,2809	0,2144
676,0000	42,3435	0,2181
677,0000	42,4062	0,2187
678,0000	42,4688	0,2186
679,0000	42,5315	0,2198
680,0000	42,5941	0,2204
681,0000	42,6567	0,2196
682,0000	42,7194	0,2212
683,0000	42,7820	0,2265
684,0000	42,8446	0,2314
685,0000	42,9073	0,2320
686,0000	42,9699	0,2310
687,0000	43,0326	0,2323
688,0000	43,0952	0,2320
689,0000	43,1578	0,2323
690,0000	43,2205	0,2348
691,0000	43,2831	0,2404
692,0000	43,3458	0,2457
693,0000	43,4084	0,2446
694,0000	43,4710	0,2426
695,0000	43,5337	0,2424
696,0000	43,5963	0,2437
697,0000	43,6589	0,2442
698,0000	43,7216	0,2469
699,0000	43,7842	0,2521
700,0000	43,8469	0,2557
701,0000	43,9095	0,2543
702,0000	43,9721	0,2514
703,0000	44,0348	0,2507
704,0000	44,0974	0,2525
705,0000	44,1601	0,2540
706,0000	44,2227	0,2566
707,0000	44,2853	0,2610
708,0000	44,3480	0,2639
709,0000	44,4106	0,2615
710,0000	44,4732	0,2574
711,0000	44,5359	0,2570
712,0000	44,5985	0,2578
713,0000	44,6612	0,2611
714,0000	44,7238	0,2618
715,0000	44,7864	0,2651
716,0000	44,8491	0,2663
717,0000	44,9117	0,2627
718,0000	44,9744	0,2584
719,0000	45,0370	0,2575
720,0000	45,0996	0,2601
721,0000	45,1623	0,2620
722,0000	45,2249	0,2623
723,0000	45,2875	0,2632
724,0000	45,3502	0,2627
725,0000	45,4128	0,2581
726,0000	45,4755	0,2533
727,0000	45,5381	0,2525
728,0000	45,6007	0,2557
729,0000	45,6634	0,2579
730,0000	45,7260	0,2560
731,0000	45,7886	0,2548
732,0000	45,8513	0,2530
733,0000	45,9139	0,2486
734,0000	45,9766	0,2446
735,0000	46,0392	0,2440
736,0000	46,1018	0,2471
737,0000	46,1645	0,2469
738,0000	46,2271	0,2451
739,0000	46,2898	0,2422
740,0000	46,3524	0,2393
741,0000	46,4150	0,2354
742,0000	46,4777	0,2320
743,0000	46,5403	0,2312
744,0000	46,6029	0,2337
745,0000	46,6656	0,2339
746,0000	46,7282	0,2298
747,0000	46,7909	0,2256
748,0000	46,8535	0,2239
749,0000	46,9161	0,2209
750,0000	46,9788	0,2176
751,0000	47,0414	0,2178
752,0000	47,1041	0,2195
753,0000	47,1667	0,2190
754,0000	47,2293	0,2141
755,0000	47,2920	0,2106
756,0000	47,3546	0,2093
757,0000	47,4172	0,2082
758,0000	47,4799	0,2052
759,0000	47,5425	0,2046
760,0000	47,6052	0,2064
761,0000	47,6678	0,2061
762,0000	47,7304	0,2016
763,0000	47,7931	0,1989
764,0000	47,8557	0,1985
765,0000	47,9184	0,1979
766,0000	47,9810	0,1971
767,0000	48,0436	0,1956
768,0000	48,1063	0,1974
769,0000	48,1689	0,1980
770,0000	48,2315	0,1950
771,0000	48,2942	0,1938
772,0000	48,3568	0,1948
773,0000	48,4195	0,1958
774,0000	48,4821	0,1949
775,0000	48,5447	0,1941
776,0000	48,6074	0,1963
777,0000	48,6700	0,1977
778,0000	48,7327	0,1975
779,0000	48,7953	0,1977
780,0000	48,8579	0,2006
781,0000	48,9206	0,2025
782,0000	48,9832	0,2020
783,0000	49,0458	0,2014
784,0000	49,1085	0,2041
785,0000	49,1711	0,2077
786,0000	49,2338	0,2102
787,0000	49,2964	0,2118
788,0000	49,3590	0,2147
789,0000	49,4217	0,2171
790,0000	49,4843	0,2164
791,0000	49,5470	0,2160
792,0000	49,6096	0,2200
793,0000	49,6722	0,2270
794,0000	49,7349	0,2325
795,0000	49,7975	0,2355
796,0000	49,8601	0,2381
797,0000	49,9228	0,2406
798,0000	49,9854	0,2405
799,0000	50,0481	0,2420
800,0000	50,1107	0,2499
801,0000	50,1733	0,2587
802,0000	50,2360	0,2651
803,0000	50,2986	0,2688
804,0000	50,3613	0,2704
805,0000	50,4239	0,2718
806,0000	50,4865	0,2718
807,0000	50,5492	0,2749
808,0000	50,6118	0,2839
809,0000	50,6744	0,2956
810,0000	50,7371	0,3036
811,0000	50,7997	0,3044
812,0000	50,8624	0,3054
813,0000	50,9250	0,3053
814,0000	50,9876	0,3071
815,0000	51,0503	0,3118
816,0000	51,1129	0,3234
817,0000	51,1755	0,3359
818,0000	51,2382	0,3419
819,0000	51,3008	0,3412
820,0000	51,3635	0,3395
821,0000	51,4261	0,3385
822,0000	51,4887	0,3416
823,0000	51,5514	0,3491
824,0000	51,6140	0,3608
825,0000	51,6767	0,3725
826,0000	51,7393	0,3771
827,0000	51,8019	0,3734
828,0000	51,8646	0,3695
829,0000	51,9272	0,3699
830,0000	51,9898	0,3733
831,0000	52,0525	0,3820
832,0000	52,1151	0,3927
833,0000	52,1778	0,4035
834,0000	52,2404	0,4050
835,0000	52,3030	0,3992
836,0000	52,3657	0,3926
837,0000	52,4283	0,3930
838,0000	52,4910	0,3980
839,0000	52,5536	0,4062
840,0000	52,6162	0,4158
841,0000	52,6789	0,4225
842,0000	52,7415	0,4201
843,0000	52,8041	0,4114
844,0000	52,8668	0,4047
845,0000	52,9294	0,4071
846,0000	52,9921	0,4144
847,0000	53,0547	0,4250
848,0000	53,1173	0,4332
849,0000	53,1800	0,4388
850,0000	53,2426	0,4342
851,0000	53,3053	0,4221
852,0000	53,3679	0,4125
853,0000	53,4305	0,4116
854,0000	53,4932	0,4164
855,0000	53,5558	0,4205
856,0000	53,6184	0,4207
857,0000	53,6811	0,4165
858,0000	53,7437	0,4066
859,0000	53,8064	0,3950
860,0000	53,8690	0,3896
861,0000	53,9316	0,3956
862,0000	53,9943	0,4064
863,0000	54,0569	0,4135
864,0000	54,1196	0,4133
865,0000	54,1822	0,4079
866,0000	54,2448	0,3976
867,0000	54,3075	0,3855
868,0000	54,3701	0,3774
869,0000	54,4327	0,3764
870,0000	54,4954	0,3760
871,0000	54,5580	0,3704
872,0000	54,6207	0,3564
873,0000	54,6833	0,3442
874,0000	54,7459	0,3314
875,0000	54,8086	0,3225
876,0000	54,8712	0,3227
877,0000	54,9339	0,3304
878,0000	54,9965	0,3386
879,0000	55,0591	0,3390
880,0000	55,1218	0,3319
881,0000	55,1844	0,3230
882,0000	55,2470	0,3155
883,0000	55,3097	0,3095
884,0000	55,3723	0,3042
885,0000	55,4350	0,3008
886,0000	55,4976	0,2948
887,0000	55,5602	0,2816
888,0000	55,6229	0,2639
889,0000	55,6855	0,2514
890,0000	55,7482	0,2451
891,0000	55,8108	0,2429
892,0000	55,8734	0,2455
893,0000	55,9361	0,2507
894,0000	55,9987	0,2542
895,0000	56,0613	0,2533
896,0000	56,1240	0,2484
897,0000	56,1866	0,2467
898,0000	56,2493	0,2459
899,0000	56,3119	0,2464
900,0000	56,3745	0,2424
901,0000	56,4372	0,2433
902,0000	56,4998	0,2402
903,0000	56,5624	0,2373
904,0000	56,6251	0,2328
905,0000	56,6877	0,2337
906,0000	56,7504	0,2356
907,0000	56,8130	0,2365
908,0000	56,8756	0,2379
909,0000	56,9383	0,2450
910,0000	57,0009	0,2560
911,0000	57,0636	0,2684
912,0000	57,1262	0,2807
913,0000	57,1888	0,2907
914,0000	57,2515	0,2973
915,0000	57,3141	0,3008
916,0000	57,3767	0,3027
917,0000	57,4394	0,3124
918,0000	57,5020	0,3305
919,0000	57,5647	0,3528
920,0000	57,6273	0,3729
921,0000	57,6899	0,3880
922,0000	57,7526	0,3958
923,0000	57,8152	0,3989
924,0000	57,8779	0,4047
925,0000	57,9405	0,4262
926,0000	58,0031	0,4637
927,0000	58,0658	0,5064
928,0000	58,1284	0,5409
929,0000	58,1910	0,5639
930,0000	58,2537	0,5739
931,0000	58,3163	0,5787
932,0000	58,3790	0,5919
933,0000	58,4416	0,6277
934,0000	58,5042	0,6827
935,0000	58,5669	0,7449
936,0000	58,6295	0,7882
937,0000	58,6922	0,8097
938,0000	58,7548	0,8154
939,0000	58,8174	0,8221
940,0000	58,8801	0,8485
941,0000	58,9427	0,9138
942,0000	59,0053	0,9958
943,0000	59,0680	1,0731
944,0000	59,1306	1,1155
945,0000	59,1933	1,1250
946,0000	59,2559	1,1280
947,0000	59,3185	1,1419
948,0000	59,3812	1,1915
949,0000	59,4438	1,2835
950,0000	59,5065	1,3886
951,0000	59,5691	1,4781
952,0000	59,6317	1,5179
953,0000	59,6944	1,5195
954,0000	59,7570	1,5112
955,0000	59,8196	1,5325
956,0000	59,8823	1,6031
957,0000	59,9449	1,7257
958,0000	60,0076	1,8507
959,0000	60,0702	1,9415
960,0000	60,1328	1,9682
961,0000	60,1955	1,9521
962,0000	60,2581	1,9450
963,0000	60,3208	1,9897
964,0000	60,3834	2,0958
965,0000	60,4460	2,2440
966,0000	60,5087	2,3799
967,0000	60,5713	2,4550
968,0000	60,6339	2,4543
969,0000	60,6966	2,4180
970,0000	60,7592	2,4082
971,0000	60,8219	2,4678
972,0000	60,8845	2,6118
973,0000	60,9471	2,7751
974,0000	61,0098	2,9157
975,0000	61,0724	2,9728
976,0000	61,1351	2,9481
977,0000	61,1977	2,8947
978,0000	61,2603	2,8887
979,0000	61,3230	2,9715
980,0000	61,3856	3,1369
981,0000	61,4482	3,3130
982,0000	61,5109	3,4422
983,0000	61,5735	3,4708
984,0000	61,6362	3,4177
985,0000	61,6988	3,3568
986,0000	61,7614	3,3658
987,0000	61,8241	3,4719
988,0000	61,8867	3,6574
989,0000	61,9493	3,8370
990,0000	62,0120	3,9493
991,0000	62,0746	3,9506
992,0000	62,1373	3,8655
993,0000	62,1999	3,7841
994,0000	62,2625	3,7899
995,0000	62,3252	3,9113
996,0000	62,3878	4,1132
997,0000	62,4505	4,2920
998,0000	62,5131	4,3784
999,0000	62,5757	4,3469
1000,0000	62,6384	4,2400
1001,0000	62,7010	4,1444
1002,0000	62,7636	4,1530
1003,0000	62,8263	4,2796
1004,0000	62,8889	4,4800
1005,0000	62,9516	4,6519
1006,0000	63,0142	4,7194
1007,0000	63,0768	4,6612
1008,0000	63,1395	4,5306
1009,0000	63,2021	4,4307
1010,0000	63,2648	4,4536
1011,0000	63,3274	4,6034
1012,0000	63,3900	4,8135
1013,0000	63,4527	4,9652
1014,0000	63,5153	4,9892
1015,0000	63,5779	4,8804
1016,0000	63,6406	4,7251
1017,0000	63,7032	4,6324
1018,0000	63,7659	4,6785
1019,0000	63,8285	4,8457
1020,0000	63,8911	5,0395
1021,0000	63,9538	5,1459
1022,0000	64,0164	5,0952
1023,0000	64,0791	4,9361
1024,0000	64,1417	4,7744
1025,0000	64,2043	4,7154
1026,0000	64,2670	4,8092
1027,0000	64,3296	4,9946
1028,0000	64,3922	5,1529
1029,0000	64,4549	5,1952
1030,0000	64,5175	5,1077
1031,0000	64,5802	4,9323
1032,0000	64,6428	4,7776
1033,0000	64,7054	4,7337
1034,0000	64,7681	4,8295
1035,0000	64,8307	5,0089
1036,0000	64,8934	5,1451
1037,0000	64,9560	5,1515
1038,0000	65,0186	5,0152
1039,0000	65,0813	4,8137
1040,0000	65,1439	4,6700
1041,0000	65,2065	4,6591
1042,0000	65,2692	4,7797
1043,0000	65,3318	4,9510
1044,0000	65,3945	5,0386
1045,0000	65,4571	4,9840
1046,0000	65,5197	4,8053
1047,0000	65,5824	4,6014
1048,0000	65,6450	4,4894
1049,0000	65,7077	4,5140
1050,0000	65,7703	4,6414
1051,0000	65,8329	4,7864
1052,0000	65,8956	4,8321
1053,0000	65,9582	4,7270
1054,0000	66,0208	4,5244
1055,0000	66,0835	4,3279
1056,0000	66,1461	4,2428
1057,0000	66,2088	4,2903
1058,0000	66,2714	4,4151
1059,0000	66,3340	4,5221
1060,0000	66,3967	4,5197
1061,0000	66,4593	4,3829
1062,0000	66,5220	4,1742
1063,0000	66,5846	4,0002
1064,0000	66,6472	3,9413
1065,0000	66,7099	4,0016
1066,0000	66,7725	4,1138
1067,0000	66,8351	4,1839
1068,0000	66,8978	4,1400
1069,0000	66,9604	3,9791
1070,0000	67,0231	3,7717
1071,0000	67,0857	3,6147
1072,0000	67,1483	3,5710
1073,0000	67,2110	3,6276
1074,0000	67,2736	3,7197
1075,0000	67,3362	3,7578
1076,0000	67,3989	3,6854
1077,0000	67,4615	3,5151
1078,0000	67,5242	3,3207
1079,0000	67,5868	3,1913
1080,0000	67,6494	3,1688
1081,0000	67,7121	3,2306
1082,0000	67,7747	3,2920
1083,0000	67,8374	3,2909
1084,0000	67,9000	3,1907
1085,0000	67,9626	3,0217
1086,0000	68,0253	2,8423
1087,0000	68,0879	2,7357
1088,0000	68,1505	2,7212
1089,0000	68,2132	2,7633
1090,0000	68,2758	2,8014
1091,0000	68,3385	2,7765
1092,0000	68,4011	2,6685
1093,0000	68,4637	2,5093
1094,0000	68,5264	2,3523
1095,0000	68,5890	2,2661
1096,0000	68,6517	2,2610
1097,0000	68,7143	2,2935
1098,0000	68,7769	2,3075
1099,0000	68,8396	2,2565
1100,0000	68,9022	2,1370
1101,0000	68,9648	1,9907
1102,0000	69,0275	1,8650
1103,0000	69,0901	1,8079
1104,0000	69,1528	1,8121
1105,0000	69,2154	1,8325
1106,0000	69,2780	1,8200
1107,0000	69,3407	1,7527
1108,0000	69,4033	1,6374
1109,0000	69,4660	1,5137
1110,0000	69,5286	1,4219
1111,0000	69,5912	1,3878
1112,0000	69,6539	1,3967
1113,0000	69,7165	1,4043
1114,0000	69,7791	1,3753
1115,0000	69,8418	1,3034
1116,0000	69,9044	1,2031
1117,0000	69,9671	1,1100
1118,0000	70,0297	1,0500
1119,0000	70,0923	1,0330
1120,0000	70,1550	1,0388
1121,0000	70,2176	1,0375
1122,0000	70,2803	0,9995
1123,0000	70,3429	0,9302
1124,0000	70,4055	0,8526
1125,0000	70,4682	0,7899
1126,0000	70,5308	0,7530
1127,0000	70,5934	0,7443
1128,0000	70,6561	0,7487
1129,0000	70,7187	0,7396
1130,0000	70,7814	0,7054
1131,0000	70,8440	0,6510
1132,0000	70,9066	0,5981
1133,0000	70,9693	0,5587
1134,0000	71,0319	0,5379
1135,0000	71,0946	0,5335
1136,0000	71,1572	0,5335
1137,0000	71,2198	0,5234
1138,0000	71,2825	0,4956
1139,0000	71,3451	0,4559
1140,0000	71,4077	0,4207
1141,0000	71,4704	0,3957
1142,0000	71,5330	0,3829
1143,0000	71,5957	0,3798
1144,0000	71,6583	0,3789
1145,0000	71,7209	0,3706
1146,0000	71,7836	0,3525
1147,0000	71,8462	0,3285
1148,0000	71,9089	0,3097
1149,0000	71,9715	0,2992
1150,0000	72,0341	0,2951
1151,0000	72,0968	0,2923
1152,0000	72,1594	0,2911
1153,0000	72,2220	0,2863
1154,0000	72,2847	0,2744
1155,0000	72,3473	0,2597
1156,0000	72,4100	0,2504
1157,0000	72,4726	0,2468
1158,0000	72,5352	0,2440
1159,0000	72,5979	0,2420
1160,0000	72,6605	0,2415
1161,0000	72,7231	0,2411
1162,0000	72,7858	0,2390
1163,0000	72,8484	0,2361
1164,0000	72,9111	0,2364
1165,0000	72,9737	0,2390
1166,0000	73,0363	0,2388
1167,0000	73,0990	0,2364
1168,0000	73,1616	0,2379
1169,0000	73,2243	0,2411
1170,0000	73,2869	0,2429
1171,0000	73,3495	0,2442
1172,0000	73,4122	0,2462
1173,0000	73,4748	0,2486
1174,0000	73,5374	0,2480
1175,0000	73,6001	0,2471
1176,0000	73,6627	0,2486
1177,0000	73,7254	0,2557
1178,0000	73,7880	0,2633
1179,0000	73,8506	0,2682
1180,0000	73,9133	0,2736
1181,0000	73,9759	0,2780
1182,0000	74,0386	0,2799
1183,0000	74,1012	0,2795
1184,0000	74,1638	0,2843
1185,0000	74,2265	0,2933
1186,0000	74,2891	0,3017
1187,0000	74,3517	0,3054
1188,0000	74,4144	0,3059
1189,0000	74,4770	0,3063
1190,0000	74,5397	0,3063
1191,0000	74,6023	0,3085
1192,0000	74,6649	0,3139
1193,0000	74,7276	0,3249
1194,0000	74,7902	0,3332
1195,0000	74,8529	0,3357
1196,0000	74,9155	0,3368
1197,0000	74,9781	0,3379
1198,0000	75,0408	0,3400
1199,0000	75,1034	0,3442
1200,0000	75,1660	0,3510
1201,0000	75,2287	0,3596
1202,0000	75,2913	0,3643
1203,0000	75,3540	0,3616
1204,0000	75,4166	0,3573
1205,0000	75,4792	0,3561
1206,0000	75,5419	0,3579
1207,0000	75,6045	0,3623
1208,0000	75,6672	0,3701
1209,0000	75,7298	0,3766
1210,0000	75,7924	0,3791
1211,0000	75,8551	0,3744
1212,0000	75,9177	0,3702
1213,0000	75,9803	0,3710
1214,0000	76,0430	0,3762
1215,0000	76,1056	0,3814
1216,0000	76,1683	0,3867
1217,0000	76,2309	0,3895
1218,0000	76,2935	0,3867
1219,0000	76,3562	0,3778
1220,0000	76,4188	0,3710
1221,0000	76,4815	0,3716
1222,0000	76,5441	0,3760
1223,0000	76,6067	0,3804
1224,0000	76,6694	0,3829
1225,0000	76,7320	0,3825
1226,0000	76,7946	0,3795
1227,0000	76,8573	0,3716
1228,0000	76,9199	0,3654
1229,0000	76,9826	0,3671
1230,0000	77,0452	0,3730
1231,0000	77,1078	0,3764
1232,0000	77,1705	0,3749
1233,0000	77,2331	0,3720
1234,0000	77,2958	0,3636
1235,0000	77,3584	0,3543
1236,0000	77,4210	0,3460
1237,0000	77,4837	0,3462
1238,0000	77,5463	0,3493
1239,0000	77,6089	0,3498
1240,0000	77,6716	0,3457
1241,0000	77,7342	0,3406
1242,0000	77,7969	0,3328
1243,0000	77,8595	0,3234
1244,0000	77,9221	0,3167
1245,0000	77,9848	0,3180
1246,0000	78,0474	0,3203
1247,0000	78,1100	0,3200
1248,0000	78,1727	0,3145
1249,0000	78,2353	0,3067
1250,0000	78,2980	0,2994
1251,0000	78,3606	0,2902
1252,0000	78,4232	0,2835
1253,0000	78,4859	0,2827
1254,0000	78,5485	0,2842
1255,0000	78,6112	0,2826
1256,0000	78,6738	0,2768
1257,0000	78,7364	0,2696
1258,0000	78,7991	0,2637
1259,0000	78,8617	0,2569
1260,0000	78,9243	0,2523
1261,0000	78,9870	0,2523
1262,0000	79,0496	0,2538
1263,0000	79,1123	0,2522
1264,0000	79,1749	0,2462
1265,0000	79,2375	0,2400
1266,0000	79,3002	0,2359
1267,0000	79,3628	0,2306
1268,0000	79,4255	0,2267
1269,0000	79,4881	0,2265
1270,0000	79,5507	0,2271
1271,0000	79,6134	0,2252
1272,0000	79,6760	0,2196
1273,0000	79,7386	0,2153
1274,0000	79,8013	0,2133
1275,0000	79,8639	0,2111
1276,0000	79,9266	0,2083
1277,0000	79,9892	0,2075
1278,0000	80,0518	0,2097
1279,0000	80,1145	0,2080
1280,0000	80,1771	0,2041
1281,0000	80,2398	0,2010
1282,0000	80,3024	0,2002
1283,0000	80,3650	0,1997
1284,0000	80,4277	0,1971
1285,0000	80,4903	0,1970
1286,0000	80,5529	0,1980
1287,0000	80,6156	0,1971
1288,0000	80,6782	0,1949
1289,0000	80,7409	0,1934
1290,0000	80,8035	0,1948
1291,0000	80,8661	0,1944
1292,0000	80,9288	0,1930
1293,0000	80,9914	0,1927
1294,0000	81,0541	0,1947
1295,0000	81,1167	0,1959
1296,0000	81,1793	0,1950
1297,0000	81,2420	0,1944
1298,0000	81,3046	0,1966
1299,0000	81,3672	0,1970
1300,0000	81,4299	0,1952
1301,0000	81,4925	0,1948
1302,0000	81,5552	0,1984
1303,0000	81,6178	0,2006
1304,0000	81,6804	0,2008
1305,0000	81,7431	0,2005
1306,0000	81,8057	0,2026
1307,0000	81,8684	0,2044
1308,0000	81,9310	0,2033
1309,0000	81,9936	0,2026
1310,0000	82,0563	0,2060
1311,0000	82,1189	0,2100
1312,0000	82,1815	0,2102
1313,0000	82,2442	0,2102
1314,0000	82,3068	0,2118
1315,0000	82,3695	0,2135
1316,0000	82,4321	0,2129
1317,0000	82,4947	0,2128
1318,0000	82,5574	0,2159
1319,0000	82,6200	0,2196
1320,0000	82,6827	0,2213
1321,0000	82,7453	0,2205
1322,0000	82,8079	0,2216
1323,0000	82,8706	0,2239
1324,0000	82,9332	0,2231
1325,0000	82,9958	0,2239
1326,0000	83,0585	0,2280
1327,0000	83,1211	0,2314
1328,0000	83,1838	0,2329
1329,0000	83,2464	0,2319
1330,0000	83,3090	0,2325
1331,0000	83,3717	0,2334
1332,0000	83,4343	0,2344
1333,0000	83,4969	0,2352
1334,0000	83,5596	0,2384
1335,0000	83,6222	0,2424
1336,0000	83,6849	0,2419
1337,0000	83,7475	0,2406
1338,0000	83,8101	0,2414
1339,0000	83,8728	0,2423
1340,0000	83,9354	0,2424
1341,0000	83,9981	0,2426
1342,0000	84,0607	0,2460
1343,0000	84,1233	0,2485
1344,0000	84,1860	0,2475
1345,0000	84,2486	0,2441
1346,0000	84,3112	0,2440
1347,0000	84,3739	0,2463
1348,0000	84,4365	0,2457
1349,0000	84,4992	0,2454
1350,0000	84,5618	0,2473
1351,0000	84,6244	0,2481
1352,0000	84,6871	0,2466
1353,0000	84,7497	0,2418
1354,0000	84,8124	0,2413
1355,0000	84,8750	0,2431
1356,0000	84,9376	0,2439
1357,0000	85,0003	0,2423
1358,0000	85,0629	0,2436
1359,0000	85,1255	0,2435
1360,0000	85,1882	0,2411
1361,0000	85,2508	0,2372
1362,0000	85,3135	0,2360
1363,0000	85,3761	0,2381
1364,0000	85,4387	0,2379
1365,0000	85,5014	0,2374
1366,0000	85,5640	0,2372
1367,0000	85,6267	0,2363
1368,0000	85,6893	0,2344
1369,0000	85,7519	0,2299
1370,0000	85,8146	0,2292
1371,0000	85,8772	0,2308
1372,0000	85,9398	0,2319
1373,0000	86,0025	0,2296
1374,0000	86,0651	0,2288
1375,0000	86,1278	0,2287
1376,0000	86,1904	0,2262
1377,0000	86,2530	0,2227
1378,0000	86,3157	0,2211
1379,0000	86,3783	0,2235
1380,0000	86,4410	0,2243
1381,0000	86,5036	0,2222
1382,0000	86,5662	0,2202
1383,0000	86,6289	0,2195
1384,0000	86,6915	0,2189
1385,0000	86,7541	0,2147
1386,0000	86,8168	0,2135
1387,0000	86,8794	0,2146
1388,0000	86,9421	0,2155
1389,0000	87,0047	0,2132
1390,0000	87,0673	0,2108
1391,0000	87,1300	0,2108
1392,0000	87,1926	0,2091
1393,0000	87,2553	0,2056
1394,0000	87,3179	0,2033
1395,0000	87,3805	0,2055
1396,0000	87,4432	0,2053
1397,0000	87,5058	0,2033
1398,0000	87,5684	0,2010
1399,0000	87,6311	0,2015
1400,0000	87,6937	0,1999
1401,0000	87,7564	0,1983
1402,0000	87,8190	0,1966
1403,0000	87,8816	0,1972
1404,0000	87,9443	0,1980
1405,0000	88,0069	0,1963
1406,0000	88,0696	0,1947
1407,0000	88,1322	0,1948
1408,0000	88,1948	0,1948
1409,0000	88,2575	0,1929
1410,0000	88,3201	0,1916
1411,0000	88,3827	0,1925
1412,0000	88,4454	0,1934
1413,0000	88,5080	0,1929
1414,0000	88,5707	0,1904
1415,0000	88,6333	0,1921
1416,0000	88,6959	0,1922
1417,0000	88,7586	0,1912
1418,0000	88,8212	0,1895
1419,0000	88,8838	0,1900
1420,0000	88,9465	0,1916
1421,0000	89,0091	0,1904
1422,0000	89,0718	0,1887
1423,0000	89,1344	0,1891
1424,0000	89,1970	0,1907
1425,0000	89,2597	0,1900
1426,0000	89,3223	0,1882
1427,0000	89,3850	0,1892
1428,0000	89,4476	0,1911
1429,0000	89,5102	0,1905
1430,0000	89,5729	0,1892
1431,0000	89,6355	0,1892
1432,0000	89,6981	0,1916
1433,0000	89,7608	0,1913
1434,0000	89,8234	0,1894
1435,0000	89,8861	0,1900
1436,0000	89,9487	0,1925
1437,0000	90,0113	0,1927
1438,0000	90,0740	0,1913
1439,0000	90,1366	0,1918
1440,0000	90,1993	0,1934
1441,0000	90,2619	0,1934
1442,0000	90,3245	0,1914
1443,0000	90,3872	0,1920
1444,0000	90,4498	0,1944
1445,0000	90,5124	0,1945
1446,0000	90,5751	0,1934
1447,0000	90,6377	0,1941
1448,0000	90,7004	0,1963
1449,0000	90,7630	0,1963
1450,0000	90,8256	0,1944
1451,0000	90,8883	0,1954
1452,0000	90,9509	0,1981
1453,0000	91,0136	0,1985
1454,0000	91,0762	0,1977
1455,0000	91,1388	0,1976
1456,0000	91,2015	0,2006
1457,0000	91,2641	0,2001
1458,0000	91,3267	0,1985
1459,0000	91,3894	0,1988
1460,0000	91,4520	0,2017
1461,0000	91,5147	0,2037
1462,0000	91,5773	0,2021
1463,0000	91,6399	0,2015
1464,0000	91,7026	0,2037
1465,0000	91,7652	0,2042
1466,0000	91,8279	0,2025
1467,0000	91,8905	0,2023
1468,0000	91,9531	0,2052
1469,0000	92,0158	0,2059
1470,0000	92,0784	0,2048
1471,0000	92,1410	0,2034
1472,0000	92,2037	0,2051
1473,0000	92,2663	0,2056
1474,0000	92,3290	0,2044
1475,0000	92,3916	0,2043
1476,0000	92,4542	0,2071
1477,0000	92,5169	0,2080
1478,0000	92,5795	0,2059
1479,0000	92,6422	0,2052
1480,0000	92,7048	0,2068
1481,0000	92,7674	0,2071
1482,0000	92,8301	0,2061
1483,0000	92,8927	0,2057
1484,0000	92,9553	0,2086
1485,0000	93,0180	0,2097
1486,0000	93,0806	0,2087
1487,0000	93,1433	0,2069
1488,0000	93,2059	0,2088
1489,0000	93,2685	0,2092
1490,0000	93,3312	0,2086
1491,0000	93,3938	0,2082
1492,0000	93,4565	0,2104
1493,0000	93,5191	0,2114
1494,0000	93,5817	0,2105
1495,0000	93,6444	0,2083
1496,0000	93,7070	0,2090
1497,0000	93,7696	0,2096
1498,0000	93,8323	0,2095
1499,0000	93,8949	0,2082
1500,0000	93,9576	0,2092
1501,0000	94,0202	0,2096
1502,0000	94,0828	0,2083
1503,0000	94,1455	0,2056
1504,0000	94,2081	0,2059
1505,0000	94,2707	0,2071
1506,0000	94,3334	0,2065
1507,0000	94,3960	0,2041
1508,0000	94,4587	0,2047
1509,0000	94,5213	0,2052
1510,0000	94,5839	0,2033
1511,0000	94,6466	0,2002
1512,0000	94,7092	0,1998
1513,0000	94,7719	0,2017
1514,0000	94,8345	0,2005
1515,0000	94,8971	0,1986
1516,0000	94,9598	0,1989
1517,0000	95,0224	0,1996
1518,0000	95,0850	0,1981
1519,0000	95,1477	0,1958
1520,0000	95,2103	0,1957
1521,0000	95,2730	0,1974
1522,0000	95,3356	0,1966
1523,0000	95,3982	0,1943
1524,0000	95,4609	0,1950
1525,0000	95,5235	0,1965
1526,0000	95,5862	0,1939
1527,0000	95,6488	0,1922
1528,0000	95,7114	0,1927
1529,0000	95,7741	0,1938
1530,0000	95,8367	0,1936
1531,0000	95,8993	0,1911
1532,0000	95,9620	0,1917
1533,0000	96,0246	0,1922
1534,0000	96,0873	0,1921
1535,0000	96,1499	0,1892
1536,0000	96,2125	0,1895
1537,0000	96,2752	0,1917
1538,0000	96,3378	0,1909
1539,0000	96,4005	0,1895
1540,0000	96,4631	0,1889
1541,0000	96,5257	0,1901
1542,0000	96,5884	0,1894
1543,0000	96,6510	0,1880
1544,0000	96,7136	0,1868
1545,0000	96,7763	0,1887
1546,0000	96,8389	0,1891
1547,0000	96,9016	0,1862
1548,0000	96,9642	0,1872
1549,0000	97,0268	0,1886
1550,0000	97,0895	0,1880
1551,0000	97,1521	0,1865
1552,0000	97,2148	0,1850
1553,0000	97,2774	0,1874
1554,0000	97,3400	0,1883
1555,0000	97,4027	0,1868
1556,0000	97,4653	0,1865
1557,0000	97,5279	0,1886
1558,0000	97,5906	0,1881
1559,0000	97,6532	0,1868
1560,0000	97,7159	0,1863
1561,0000	97,7785	0,1881
1562,0000	97,8411	0,1886
1563,0000	97,9038	0,1880
1564,0000	97,9664	0,1869
1565,0000	98,0291	0,1890
1566,0000	98,0917	0,1899
1567,0000	98,1543	0,1882
1568,0000	98,2170	0,1867
1569,0000	98,2796	0,1891
1570,0000	98,3422	0,1891
1571,0000	98,4049	0,1885
1572,0000	98,4675	0,1891
1573,0000	98,5302	0,1904
1574,0000	98,5928	0,1907
1575,0000	98,6554	0,1892
1576,0000	98,7181	0,1885
1577,0000	98,7807	0,1900
1578,0000	98,8434	0,1916
1579,0000	98,9060	0,1905
1580,0000	98,9686	0,1901
1581,0000	99,0313	0,1917
1582,0000	99,0939	0,1932
1583,0000	99,1565	0,1922
1584,0000	99,2192	0,1909
1585,0000	99,2818	0,1918
1586,0000	99,3445	0,1938
1587,0000	99,4071	0,1935
1588,0000	99,4697	0,1922
1589,0000	99,5324	0,1940
1590,0000	99,5950	0,1957
1591,0000	99,6576	0,1941
1592,0000	99,7203	0,1934
1593,0000	99,7829	0,1948
1594,0000	99,8456	0,1970
1595,0000	99,9082	0,1958
1596,0000	99,9708	NaN
1597,0000	100,0335	NaN
1598,0000	100,0961	NaN
1599,0000	100,1588	NaN
1600,0000	100,2214	NaN
1601,0000	100,2840	NaN
1602,0000	100,3467	NaN
1603,0000	100,4093	NaN
1604,0000	100,4719	NaN
1605,0000	100,5346	NaN
1606,0000	100,5972	NaN
1607,0000	100,6599	NaN
1608,0000	100,7225	NaN
1609,0000	100,7851	NaN
1610,0000	100,8478	NaN
1611,0000	100,9104	NaN
1612,0000	100,9731	NaN
1613,0000	101,0357	NaN
1614,0000	101,0983	NaN
1615,0000	101,1610	NaN
1616,0000	101,2236	NaN
1617,0000	101,2862	NaN
1618,0000	101,3489	NaN
1619,0000	101,4115	NaN
1620,0000	101,4742	NaN
1621,0000	101,5368	NaN
1622,0000	101,5994	NaN
1623,0000	101,6621	NaN
1624,0000	101,7247	NaN
1625,0000	101,7874	NaN
1626,0000	101,8500	NaN
1627,0000	101,9126	NaN
1628,0000	101,9753	NaN
1629,0000	102,0379	NaN
1630,0000	102,1005	NaN
1631,0000	102,1632	NaN
1632,0000	102,2258	NaN
1633,0000	102,2885	NaN
1634,0000	102,3511	NaN
1635,0000	102,4137	NaN
1636,0000	102,4764	NaN
1637,0000	102,5390	NaN
1638,0000	102,6017	NaN
1639,0000	102,6643	NaN
1640,0000	102,7269	NaN
1641,0000	102,7896	NaN
1642,0000	102,8522	NaN
1643,0000	102,9148	NaN
1644,0000	102,9775	NaN
1645,0000	103,0401	NaN
1646,0000	103,1028	NaN
1647,0000	103,1654	NaN
1648,0000	103,2280	NaN
1649,0000	103,2907	NaN
1650,0000	103,3533	NaN
1651,0000	103,4160	NaN
1652,0000	103,4786	NaN
1653,0000	103,5412	NaN
1654,0000	103,6039	NaN
1655,0000	103,6665	NaN
1656,0000	103,7291	NaN
1657,0000	103,7918	NaN
1658,0000	103,8544	NaN
1659,0000	103,9171	NaN
1660,0000	103,9797	NaN
1661,0000	104,0423	NaN
1662,0000	104,1050	NaN
1663,0000	104,1676	NaN
1664,0000	104,2303	NaN
1665,0000	104,2929	NaN
1666,0000	104,3555	NaN
1667,0000	104,4182	NaN
1668,0000	104,4808	NaN
1669,0000	104,5434	NaN
1670,0000	104,6061	NaN
1671,0000	104,6687	NaN
1672,0000	104,7314	NaN
1673,0000	104,7940	NaN
1674,0000	104,8566	NaN
1675,0000	104,9193	NaN
1676,0000	104,9819	NaN
1677,0000	105,0445	NaN
1678,0000	105,1072	NaN
1679,0000	105,1698	NaN
1680,0000	105,2325	NaN
1681,0000	105,2951	NaN
1682,0000	105,3577	NaN
1683,0000	105,4204	NaN
1684,0000	105,4830	NaN
1685,0000	105,5457	NaN
1686,0000	105,6083	NaN
1687,0000	105,6709	NaN
1688,0000	105,7336	NaN
1689,0000	105,7962	NaN
1690,0000	105,8588	NaN
1691,0000	105,9215	NaN
1692,0000	105,9841	NaN
1693,0000	106,0468	NaN
1694,0000	106,1094	NaN
1695,0000	106,1720	NaN
1696,0000	106,2347	NaN
1697,0000	106,2973	NaN
1698,0000	106,3600	NaN
1699,0000	106,4226	NaN
1700,0000	106,4852	NaN
1701,0000	106,5479	NaN
1702,0000	106,6105	NaN
1703,0000	106,6731	NaN
1704,0000	106,7358	NaN
1705,0000	106,7984	NaN
1706,0000	106,8611	NaN
1707,0000	106,9237	NaN
1708,0000	106,9863	NaN
1709,0000	107,0490	NaN
1710,0000	107,1116	NaN
1711,0000	107,1743	NaN
1712,0000	107,2369	NaN
1713,0000	107,2995	NaN
1714,0000	107,3622	NaN
1715,0000	107,4248	NaN
1716,0000	107,4874	NaN
1717,0000	107,5501	NaN
1718,0000	107,6127	NaN
1719,0000	107,6754	NaN
1720,0000	107,7380	NaN
1721,0000	107,8006	NaN
1722,0000	107,8633	NaN
1723,0000	107,9259	NaN
1724,0000	107,9886	NaN
1725,0000	108,0512	NaN
1726,0000	108,1138	NaN
1727,0000	108,1765	NaN
1728,0000	108,2391	NaN
1729,0000	108,3017	NaN
1730,0000	108,3644	NaN
1731,0000	108,4270	NaN
1732,0000	108,4897	NaN
1733,0000	108,5523	NaN
1734,0000	108,6149	NaN
1735,0000	108,6776	NaN
1736,0000	108,7402	NaN
1737,0000	108,8029	NaN
1738,0000	108,8655	NaN
1739,0000	108,9281	NaN
1740,0000	108,9908	NaN
1741,0000	109,0534	NaN
1742,0000	109,1160	NaN
1743,0000	109,1787	NaN
1744,0000	109,2413	NaN
1745,0000	109,3040	NaN
1746,0000	109,3666	NaN
1747,0000	109,4292	NaN
1748,0000	109,4919	NaN
1749,0000	109,5545	NaN
1750,0000	109,6171	NaN
1751,0000	109,6798	NaN
1752,0000	109,7424	NaN
1753,0000	109,8051	NaN
1754,0000	109,8677	NaN
1755,0000	109,9303	NaN
1756,0000	109,9930	NaN
1757,0000	110,0556	NaN
1758,0000	110,1183	NaN
1759,0000	110,1809	NaN
1760,0000	110,2435	NaN
1761,0000	110,3062	NaN
1762,0000	110,3688	NaN
1763,0000	110,4314	NaN
1764,0000	110,4941	NaN
1765,0000	110,5567	NaN
1766,0000	110,6194	NaN
1767,0000	110,6820	NaN
1768,0000	110,7446	NaN
1769,0000	110,8073	NaN
1770,0000	110,8699	NaN
1771,0000	110,9326	NaN
1772,0000	110,9952	NaN
1773,0000	111,0578	NaN
1774,0000	111,1205	NaN
1775,0000	111,1831	NaN
1776,0000	111,2457	NaN
1777,0000	111,3084	NaN
1778,0000	111,3710	NaN
1779,0000	111,4337	NaN
1780,0000	111,4963	NaN
1781,0000	111,5589	NaN
1782,0000	111,6216	NaN
1783,0000	111,6842	NaN
1784,0000	111,7469	NaN
1785,0000	111,8095	NaN
1786,0000	111,8721	NaN
1787,0000	111,9348	NaN
1788,0000	111,9974	NaN
1789,0000	112,0600	NaN
1790,0000	112,1227	NaN
1791,0000	112,1853	NaN
1792,0000	112,2480	NaN
1793,0000	112,3106	NaN
1794,0000	112,3732	NaN
1795,0000	112,4359	NaN
1796,0000	112,4985	NaN
1797,0000	112,5612	NaN
1798,0000	112,6238	NaN
1799,0000	112,6864	NaN
1800,0000	112,7491	NaN
1801,0000	112,8117	NaN
1802,0000	112,8743	NaN
1803,0000	112,9370	NaN
1804,0000	112,9996	NaN
1805,0000	113,0623	NaN
1806,0000	113,1249	NaN
1807,0000	113,1875	NaN
1808,0000	113,2502	NaN
1809,0000	113,3128	NaN
1810,0000	113,3755	NaN
1811,0000	113,4381	NaN
1812,0000	113,5007	NaN
1813,0000	113,5634	NaN
1814,0000	113,6260	NaN
1815,0000	113,6886	NaN
1816,0000	113,7513	NaN
1817,0000	113,8139	NaN
1818,0000	113,8766	NaN
1819,0000	113,9392	NaN
1820,0000	114,0018	NaN
1821,0000	114,0645	NaN
1822,0000	114,1271	NaN
1823,0000	114,1898	NaN
1824,0000	114,2524	NaN
1825,0000	114,3150	NaN
1826,0000	114,3777	NaN
1827,0000	114,4403	NaN
1828,0000	114,5029	NaN
1829,0000	114,5656	NaN
1830,0000	114,6282	NaN
1831,0000	114,6909	NaN
1832,0000	114,7535	NaN
1833,0000	114,8161	NaN
1834,0000	114,8788	NaN
1835,0000	114,9414	NaN
1836,0000	115,0040	NaN
1837,0000	115,0667	NaN
1838,0000	115,1293	NaN
1839,0000	115,1920	NaN
1840,0000	115,2546	NaN
1841,0000	115,3172	NaN
1842,0000	115,3799	NaN
1843,0000	115,4425	NaN
1844,0000	115,5052	NaN
1845,0000	115,5678	NaN
1846,0000	115,6304	NaN
1847,0000	115,6931	NaN
1848,0000	115,7557	NaN
1849,0000	115,8183	NaN
1850,0000	115,8810	0,0000
