# 09_12_2020_17_38_45_G6_63_Gitter_1851
# Messung der Beugung an Spalten und Gittern
# 6.3_Gitter
# position(Nr) position(mm) Messwerte(V)
0,0000	0,0000	0,0299
1,0000	0,0626	0,0278
2,0000	0,1253	0,0284
3,0000	0,1879	0,0288
4,0000	0,2506	0,0289
5,0000	0,3132	0,0288
6,0000	0,3758	0,0284
7,0000	0,4385	0,0283
8,0000	0,5011	0,0280
9,0000	0,5637	0,0284
10,0000	0,6264	0,0283
11,0000	0,6890	0,0285
12,0000	0,7517	0,0280
13,0000	0,8143	0,0288
14,0000	0,8769	0,0288
15,0000	0,9396	0,0281
16,0000	1,0022	0,0281
17,0000	1,0649	0,0284
18,0000	1,1275	0,0281
19,0000	1,1901	0,0283
20,0000	1,2528	0,0279
21,0000	1,3154	0,0281
22,0000	1,3780	0,0284
23,0000	1,4407	0,0284
24,0000	1,5033	0,0283
25,0000	1,5660	0,0285
26,0000	1,6286	0,0285
27,0000	1,6912	0,0285
28,0000	1,7539	0,0285
29,0000	1,8165	0,0283
30,0000	1,8792	0,0284
31,0000	1,9418	0,0285
32,0000	2,0044	0,0283
33,0000	2,0671	0,0287
34,0000	2,1297	0,0283
35,0000	2,1923	0,0283
36,0000	2,2550	0,0287
37,0000	2,3176	0,0281
38,0000	2,3803	0,0283
39,0000	2,4429	0,0284
40,0000	2,5055	0,0285
41,0000	2,5682	0,0288
42,0000	2,6308	0,0288
43,0000	2,6934	0,0284
44,0000	2,7561	0,0288
45,0000	2,8187	0,0285
46,0000	2,8814	0,0287
47,0000	2,9440	0,0287
48,0000	3,0066	0,0287
49,0000	3,0693	0,0285
50,0000	3,1319	0,0285
51,0000	3,1946	0,0290
52,0000	3,2572	0,0289
53,0000	3,3198	0,0288
54,0000	3,3825	0,0284
55,0000	3,4451	0,0288
56,0000	3,5077	0,0288
57,0000	3,5704	0,0288
58,0000	3,6330	0,0293
59,0000	3,6957	0,0285
60,0000	3,7583	0,0285
61,0000	3,8209	0,0284
62,0000	3,8836	0,0285
63,0000	3,9462	0,0285
64,0000	4,0089	0,0285
65,0000	4,0715	0,0289
66,0000	4,1341	0,0287
67,0000	4,1968	0,0281
68,0000	4,2594	0,0285
69,0000	4,3220	0,0280
70,0000	4,3847	0,0281
71,0000	4,4473	0,0280
72,0000	4,5100	0,0285
73,0000	4,5726	0,0281
74,0000	4,6352	0,0284
75,0000	4,6979	0,0284
76,0000	4,7605	0,0281
77,0000	4,8232	0,0280
78,0000	4,8858	0,0288
79,0000	4,9484	0,0279
80,0000	5,0111	0,0288
81,0000	5,0737	0,0283
82,0000	5,1363	0,0285
83,0000	5,1990	0,0284
84,0000	5,2616	0,0292
85,0000	5,3243	0,0287
86,0000	5,3869	0,0285
87,0000	5,4495	0,0294
88,0000	5,5122	0,0292
89,0000	5,5748	0,0290
90,0000	5,6375	0,0293
91,0000	5,7001	0,0293
92,0000	5,7627	0,0294
93,0000	5,8254	0,0294
94,0000	5,8880	0,0296
95,0000	5,9506	0,0296
96,0000	6,0133	0,0294
97,0000	6,0759	0,0294
98,0000	6,1386	0,0297
99,0000	6,2012	0,0289
100,0000	6,2638	0,0296
101,0000	6,3265	0,0298
102,0000	6,3891	0,0297
103,0000	6,4518	0,0298
104,0000	6,5144	0,0298
105,0000	6,5770	0,0294
106,0000	6,6397	0,0294
107,0000	6,7023	0,0292
108,0000	6,7649	0,0297
109,0000	6,8276	0,0299
110,0000	6,8902	0,0294
111,0000	6,9529	0,0294
112,0000	7,0155	0,0290
113,0000	7,0781	0,0289
114,0000	7,1408	0,0288
115,0000	7,2034	0,0290
116,0000	7,2661	0,0285
117,0000	7,3287	0,0287
118,0000	7,3913	0,0284
119,0000	7,4540	0,0285
120,0000	7,5166	0,0281
121,0000	7,5792	0,0284
122,0000	7,6419	0,0280
123,0000	7,7045	0,0283
124,0000	7,7672	0,0281
125,0000	7,8298	0,0288
126,0000	7,8924	0,0280
127,0000	7,9551	0,0280
128,0000	8,0177	0,0284
129,0000	8,0803	0,0285
130,0000	8,1430	0,0283
131,0000	8,2056	0,0279
132,0000	8,2683	0,0279
133,0000	8,3309	0,0284
134,0000	8,3935	0,0281
135,0000	8,4562	0,0284
136,0000	8,5188	0,0280
137,0000	8,5815	0,0280
138,0000	8,6441	0,0281
139,0000	8,7067	0,0279
140,0000	8,7694	0,0284
141,0000	8,8320	0,0280
142,0000	8,8946	0,0283
143,0000	8,9573	0,0280
144,0000	9,0199	0,0284
145,0000	9,0826	0,0283
146,0000	9,1452	0,0281
147,0000	9,2078	0,0283
148,0000	9,2705	0,0288
149,0000	9,3331	0,0283
150,0000	9,3958	0,0280
151,0000	9,4584	0,0278
152,0000	9,5210	0,0275
153,0000	9,5837	0,0284
154,0000	9,6463	0,0278
155,0000	9,7089	0,0284
156,0000	9,7716	0,0283
157,0000	9,8342	0,0287
158,0000	9,8969	0,0281
159,0000	9,9595	0,0283
160,0000	10,0221	0,0278
161,0000	10,0848	0,0279
162,0000	10,1474	0,0280
163,0000	10,2101	0,0278
164,0000	10,2727	0,0280
165,0000	10,3353	0,0287
166,0000	10,3980	0,0281
167,0000	10,4606	0,0279
168,0000	10,5232	0,0280
169,0000	10,5859	0,0278
170,0000	10,6485	0,0281
171,0000	10,7112	0,0283
172,0000	10,7738	0,0279
173,0000	10,8364	0,0280
174,0000	10,8991	0,0276
175,0000	10,9617	0,0280
176,0000	11,0244	0,0283
177,0000	11,0870	0,0283
178,0000	11,1496	0,0279
179,0000	11,2123	0,0283
180,0000	11,2749	0,0284
181,0000	11,3375	0,0285
182,0000	11,4002	0,0284
183,0000	11,4628	0,0287
184,0000	11,5255	0,0283
185,0000	11,5881	0,0285
186,0000	11,6507	0,0284
187,0000	11,7134	0,0284
188,0000	11,7760	0,0287
189,0000	11,8387	0,0283
190,0000	11,9013	0,0284
191,0000	11,9639	0,0284
192,0000	12,0266	0,0287
193,0000	12,0892	0,0287
194,0000	12,1518	0,0285
195,0000	12,2145	0,0283
196,0000	12,2771	0,0289
197,0000	12,3398	0,0287
198,0000	12,4024	0,0284
199,0000	12,4650	0,0287
200,0000	12,5277	0,0288
201,0000	12,5903	0,0289
202,0000	12,6530	0,0285
203,0000	12,7156	0,0285
204,0000	12,7782	0,0287
205,0000	12,8409	0,0280
206,0000	12,9035	0,0280
207,0000	12,9661	0,0280
208,0000	13,0288	0,0283
209,0000	13,0914	0,0281
210,0000	13,1541	0,0280
211,0000	13,2167	0,0280
212,0000	13,2793	0,0283
213,0000	13,3420	0,0280
214,0000	13,4046	0,0281
215,0000	13,4672	0,0280
216,0000	13,5299	0,0280
217,0000	13,5925	0,0281
218,0000	13,6552	0,0280
219,0000	13,7178	0,0278
220,0000	13,7804	0,0279
221,0000	13,8431	0,0283
222,0000	13,9057	0,0283
223,0000	13,9684	0,0280
224,0000	14,0310	0,0281
225,0000	14,0936	0,0283
226,0000	14,1563	0,0285
227,0000	14,2189	0,0284
228,0000	14,2815	0,0283
229,0000	14,3442	0,0283
230,0000	14,4068	0,0283
231,0000	14,4695	0,0279
232,0000	14,5321	0,0287
233,0000	14,5947	0,0284
234,0000	14,6574	0,0281
235,0000	14,7200	0,0280
236,0000	14,7827	0,0285
237,0000	14,8453	0,0281
238,0000	14,9079	0,0280
239,0000	14,9706	0,0278
240,0000	15,0332	0,0281
241,0000	15,0958	0,0285
242,0000	15,1585	0,0280
243,0000	15,2211	0,0281
244,0000	15,2838	0,0275
245,0000	15,3464	0,0279
246,0000	15,4090	0,0284
247,0000	15,4717	0,0281
248,0000	15,5343	0,0283
249,0000	15,5970	0,0280
250,0000	15,6596	0,0283
251,0000	15,7222	0,0281
252,0000	15,7849	0,0280
253,0000	15,8475	0,0284
254,0000	15,9101	0,0281
255,0000	15,9728	0,0283
256,0000	16,0354	0,0279
257,0000	16,0981	0,0280
258,0000	16,1607	0,0278
259,0000	16,2233	0,0284
260,0000	16,2860	0,0281
261,0000	16,3486	0,0278
262,0000	16,4113	0,0280
263,0000	16,4739	0,0283
264,0000	16,5365	0,0281
265,0000	16,5992	0,0280
266,0000	16,6618	0,0276
267,0000	16,7244	0,0275
268,0000	16,7871	0,0279
269,0000	16,8497	0,0284
270,0000	16,9124	0,0279
271,0000	16,9750	0,0278
272,0000	17,0376	0,0281
273,0000	17,1003	0,0283
274,0000	17,1629	0,0280
275,0000	17,2256	0,0283
276,0000	17,2882	0,0283
277,0000	17,3508	0,0279
278,0000	17,4135	0,0280
279,0000	17,4761	0,0280
280,0000	17,5387	0,0281
281,0000	17,6014	0,0283
282,0000	17,6640	0,0287
283,0000	17,7267	0,0283
284,0000	17,7893	0,0284
285,0000	17,8519	0,0284
286,0000	17,9146	0,0278
287,0000	17,9772	0,0285
288,0000	18,0399	0,0281
289,0000	18,1025	0,0283
290,0000	18,1651	0,0281
291,0000	18,2278	0,0281
292,0000	18,2904	0,0283
293,0000	18,3530	0,0279
294,0000	18,4157	0,0281
295,0000	18,4783	0,0276
296,0000	18,5410	0,0276
297,0000	18,6036	0,0280
298,0000	18,6662	0,0279
299,0000	18,7289	0,0278
300,0000	18,7915	0,0281
301,0000	18,8541	0,0283
302,0000	18,9168	0,0279
303,0000	18,9794	0,0278
304,0000	19,0421	0,0279
305,0000	19,1047	0,0281
306,0000	19,1673	0,0278
307,0000	19,2300	0,0274
308,0000	19,2926	0,0279
309,0000	19,3553	0,0279
310,0000	19,4179	0,0283
311,0000	19,4805	0,0281
312,0000	19,5432	0,0281
313,0000	19,6058	0,0283
314,0000	19,6684	0,0288
315,0000	19,7311	0,0283
316,0000	19,7937	0,0281
317,0000	19,8564	0,0280
318,0000	19,9190	0,0281
319,0000	19,9816	0,0280
320,0000	20,0443	0,0281
321,0000	20,1069	0,0278
322,0000	20,1696	0,0283
323,0000	20,2322	0,0284
324,0000	20,2948	0,0284
325,0000	20,3575	0,0283
326,0000	20,4201	0,0278
327,0000	20,4827	0,0283
328,0000	20,5454	0,0283
329,0000	20,6080	0,0278
330,0000	20,6707	0,0279
331,0000	20,7333	0,0287
332,0000	20,7959	0,0284
333,0000	20,8586	0,0289
334,0000	20,9212	0,0281
335,0000	20,9839	0,0284
336,0000	21,0465	0,0290
337,0000	21,1091	0,0283
338,0000	21,1718	0,0281
339,0000	21,2344	0,0280
340,0000	21,2970	0,0285
341,0000	21,3597	0,0281
342,0000	21,4223	0,0283
343,0000	21,4850	0,0278
344,0000	21,5476	0,0280
345,0000	21,6102	0,0283
346,0000	21,6729	0,0285
347,0000	21,7355	0,0281
348,0000	21,7982	0,0281
349,0000	21,8608	0,0280
350,0000	21,9234	0,0281
351,0000	21,9861	0,0280
352,0000	22,0487	0,0285
353,0000	22,1113	0,0283
354,0000	22,1740	0,0284
355,0000	22,2366	0,0278
356,0000	22,2993	0,0280
357,0000	22,3619	0,0281
358,0000	22,4245	0,0281
359,0000	22,4872	0,0280
360,0000	22,5498	0,0281
361,0000	22,6125	0,0279
362,0000	22,6751	0,0278
363,0000	22,7377	0,0284
364,0000	22,8004	0,0287
365,0000	22,8630	0,0279
366,0000	22,9256	0,0285
367,0000	22,9883	0,0283
368,0000	23,0509	0,0288
369,0000	23,1136	0,0284
370,0000	23,1762	0,0287
371,0000	23,2388	0,0287
372,0000	23,3015	0,0283
373,0000	23,3641	0,0281
374,0000	23,4268	0,0285
375,0000	23,4894	0,0281
376,0000	23,5520	0,0283
377,0000	23,6147	0,0281
378,0000	23,6773	0,0279
379,0000	23,7399	0,0283
380,0000	23,8026	0,0284
381,0000	23,8652	0,0285
382,0000	23,9279	0,0285
383,0000	23,9905	0,0285
384,0000	24,0531	0,0289
385,0000	24,1158	0,0294
386,0000	24,1784	0,0293
387,0000	24,2410	0,0299
388,0000	24,3037	0,0306
389,0000	24,3663	0,0314
390,0000	24,4290	0,0323
391,0000	24,4916	0,0332
392,0000	24,5542	0,0339
393,0000	24,6169	0,0351
394,0000	24,6795	0,0359
395,0000	24,7422	0,0359
396,0000	24,8048	0,0370
397,0000	24,8674	0,0374
398,0000	24,9301	0,0377
399,0000	24,9927	0,0373
400,0000	25,0553	0,0372
401,0000	25,1180	0,0366
402,0000	25,1806	0,0365
403,0000	25,2433	0,0355
404,0000	25,3059	0,0350
405,0000	25,3685	0,0341
406,0000	25,4312	0,0327
407,0000	25,4938	0,0320
408,0000	25,5565	0,0309
409,0000	25,6191	0,0302
410,0000	25,6817	0,0301
411,0000	25,7444	0,0303
412,0000	25,8070	0,0299
413,0000	25,8696	0,0296
414,0000	25,9323	0,0289
415,0000	25,9949	0,0284
416,0000	26,0576	0,0284
417,0000	26,1202	0,0284
418,0000	26,1828	0,0284
419,0000	26,2455	0,0284
420,0000	26,3081	0,0284
421,0000	26,3708	0,0285
422,0000	26,4334	0,0284
423,0000	26,4960	0,0287
424,0000	26,5587	0,0283
425,0000	26,6213	0,0281
426,0000	26,6839	0,0284
427,0000	26,7466	0,0287
428,0000	26,8092	0,0285
429,0000	26,8719	0,0281
430,0000	26,9345	0,0284
431,0000	26,9971	0,0283
432,0000	27,0598	0,0284
433,0000	27,1224	0,0284
434,0000	27,1851	0,0287
435,0000	27,2477	0,0280
436,0000	27,3103	0,0281
437,0000	27,3730	0,0278
438,0000	27,4356	0,0287
439,0000	27,4982	0,0283
440,0000	27,5609	0,0285
441,0000	27,6235	0,0287
442,0000	27,6862	0,0285
443,0000	27,7488	0,0281
444,0000	27,8114	0,0285
445,0000	27,8741	0,0278
446,0000	27,9367	0,0281
447,0000	27,9994	0,0281
448,0000	28,0620	0,0284
449,0000	28,1246	0,0284
450,0000	28,1873	0,0284
451,0000	28,2499	0,0293
452,0000	28,3125	0,0290
453,0000	28,3752	0,0292
454,0000	28,4378	0,0289
455,0000	28,5005	0,0284
456,0000	28,5631	0,0283
457,0000	28,6257	0,0288
458,0000	28,6884	0,0284
459,0000	28,7510	0,0280
460,0000	28,8137	0,0280
461,0000	28,8763	0,0284
462,0000	28,9389	0,0289
463,0000	29,0016	0,0283
464,0000	29,0642	0,0284
465,0000	29,1268	0,0278
466,0000	29,1895	0,0281
467,0000	29,2521	0,0283
468,0000	29,3148	0,0281
469,0000	29,3774	0,0280
470,0000	29,4400	0,0283
471,0000	29,5027	0,0283
472,0000	29,5653	0,0285
473,0000	29,6279	0,0280
474,0000	29,6906	0,0284
475,0000	29,7532	0,0283
476,0000	29,8159	0,0287
477,0000	29,8785	0,0285
478,0000	29,9411	0,0283
479,0000	30,0038	0,0284
480,0000	30,0664	0,0287
481,0000	30,1291	0,0285
482,0000	30,1917	0,0283
483,0000	30,2543	0,0285
484,0000	30,3170	0,0283
485,0000	30,3796	0,0288
486,0000	30,4422	0,0281
487,0000	30,5049	0,0287
488,0000	30,5675	0,0281
489,0000	30,6302	0,0287
490,0000	30,6928	0,0284
491,0000	30,7554	0,0285
492,0000	30,8181	0,0285
493,0000	30,8807	0,0283
494,0000	30,9434	0,0289
495,0000	31,0060	0,0290
496,0000	31,0686	0,0288
497,0000	31,1313	0,0290
498,0000	31,1939	0,0292
499,0000	31,2565	0,0290
500,0000	31,3192	0,0290
501,0000	31,3818	0,0296
502,0000	31,4445	0,0289
503,0000	31,5071	0,0293
504,0000	31,5697	0,0289
505,0000	31,6324	0,0288
506,0000	31,6950	0,0287
507,0000	31,7577	0,0292
508,0000	31,8203	0,0283
509,0000	31,8829	0,0283
510,0000	31,9456	0,0288
511,0000	32,0082	0,0285
512,0000	32,0708	0,0288
513,0000	32,1335	0,0285
514,0000	32,1961	0,0289
515,0000	32,2588	0,0284
516,0000	32,3214	0,0284
517,0000	32,3840	0,0285
518,0000	32,4467	0,0279
519,0000	32,5093	0,0283
520,0000	32,5720	0,0285
521,0000	32,6346	0,0280
522,0000	32,6972	0,0285
523,0000	32,7599	0,0283
524,0000	32,8225	0,0283
525,0000	32,8851	0,0285
526,0000	32,9478	0,0288
527,0000	33,0104	0,0290
528,0000	33,0731	0,0285
529,0000	33,1357	0,0284
530,0000	33,1983	0,0285
531,0000	33,2610	0,0288
532,0000	33,3236	0,0288
533,0000	33,3863	0,0284
534,0000	33,4489	0,0287
535,0000	33,5115	0,0287
536,0000	33,5742	0,0285
537,0000	33,6368	0,0287
538,0000	33,6994	0,0290
539,0000	33,7621	0,0285
540,0000	33,8247	0,0284
541,0000	33,8874	0,0284
542,0000	33,9500	0,0289
543,0000	34,0126	0,0288
544,0000	34,0753	0,0281
545,0000	34,1379	0,0285
546,0000	34,2006	0,0285
547,0000	34,2632	0,0283
548,0000	34,3258	0,0283
549,0000	34,3885	0,0283
550,0000	34,4511	0,0284
551,0000	34,5137	0,0289
552,0000	34,5764	0,0288
553,0000	34,6390	0,0285
554,0000	34,7017	0,0289
555,0000	34,7643	0,0285
556,0000	34,8269	0,0288
557,0000	34,8896	0,0285
558,0000	34,9522	0,0287
559,0000	35,0148	0,0287
560,0000	35,0775	0,0288
561,0000	35,1401	0,0285
562,0000	35,2028	0,0283
563,0000	35,2654	0,0285
564,0000	35,3280	0,0285
565,0000	35,3907	0,0287
566,0000	35,4533	0,0289
567,0000	35,5160	0,0288
568,0000	35,5786	0,0287
569,0000	35,6412	0,0292
570,0000	35,7039	0,0296
571,0000	35,7665	0,0292
572,0000	35,8291	0,0292
573,0000	35,8918	0,0296
574,0000	35,9544	0,0288
575,0000	36,0171	0,0294
576,0000	36,0797	0,0289
577,0000	36,1423	0,0297
578,0000	36,2050	0,0290
579,0000	36,2676	0,0297
580,0000	36,3303	0,0297
581,0000	36,3929	0,0302
582,0000	36,4555	0,0301
583,0000	36,5182	0,0298
584,0000	36,5808	0,0301
585,0000	36,6434	0,0310
586,0000	36,7061	0,0316
587,0000	36,7687	0,0329
588,0000	36,8314	0,0336
589,0000	36,8940	0,0345
590,0000	36,9566	0,0364
591,0000	37,0193	0,0390
592,0000	37,0819	0,0421
593,0000	37,1446	0,0446
594,0000	37,2072	0,0493
595,0000	37,2698	0,0565
596,0000	37,3325	0,0641
597,0000	37,3951	0,0708
598,0000	37,4577	0,0773
599,0000	37,5204	0,0830
600,0000	37,5830	0,0889
601,0000	37,6457	0,0943
602,0000	37,7083	0,0985
603,0000	37,7709	0,0999
604,0000	37,8336	0,1009
605,0000	37,8962	0,0978
606,0000	37,9589	0,0936
607,0000	38,0215	0,0882
608,0000	38,0841	0,0818
609,0000	38,1468	0,0748
610,0000	38,2094	0,0670
611,0000	38,2720	0,0601
612,0000	38,3347	0,0549
613,0000	38,3973	0,0503
614,0000	38,4600	0,0458
615,0000	38,5226	0,0405
616,0000	38,5852	0,0372
617,0000	38,6479	0,0356
618,0000	38,7105	0,0346
619,0000	38,7732	0,0334
620,0000	38,8358	0,0314
621,0000	38,8984	0,0305
622,0000	38,9611	0,0296
623,0000	39,0237	0,0302
624,0000	39,0863	0,0299
625,0000	39,1490	0,0298
626,0000	39,2116	0,0296
627,0000	39,2743	0,0298
628,0000	39,3369	0,0294
629,0000	39,3995	0,0296
630,0000	39,4622	0,0296
631,0000	39,5248	0,0292
632,0000	39,5875	0,0293
633,0000	39,6501	0,0294
634,0000	39,7127	0,0298
635,0000	39,7754	0,0296
636,0000	39,8380	0,0296
637,0000	39,9006	0,0302
638,0000	39,9633	0,0302
639,0000	40,0259	0,0302
640,0000	40,0886	0,0307
641,0000	40,1512	0,0299
642,0000	40,2138	0,0305
643,0000	40,2765	0,0301
644,0000	40,3391	0,0302
645,0000	40,4017	0,0302
646,0000	40,4644	0,0307
647,0000	40,5270	0,0299
648,0000	40,5897	0,0298
649,0000	40,6523	0,0303
650,0000	40,7149	0,0299
651,0000	40,7776	0,0298
652,0000	40,8402	0,0299
653,0000	40,9029	0,0303
654,0000	40,9655	0,0306
655,0000	41,0281	0,0310
656,0000	41,0908	0,0309
657,0000	41,1534	0,0305
658,0000	41,2160	0,0301
659,0000	41,2787	0,0296
660,0000	41,3413	0,0298
661,0000	41,4040	0,0297
662,0000	41,4666	0,0299
663,0000	41,5292	0,0301
664,0000	41,5919	0,0303
665,0000	41,6545	0,0301
666,0000	41,7172	0,0301
667,0000	41,7798	0,0301
668,0000	41,8424	0,0298
669,0000	41,9051	0,0298
670,0000	41,9677	0,0301
671,0000	42,0303	0,0298
672,0000	42,0930	0,0298
673,0000	42,1556	0,0298
674,0000	42,2183	0,0303
675,0000	42,2809	0,0306
676,0000	42,3435	0,0301
677,0000	42,4062	0,0306
678,0000	42,4688	0,0301
679,0000	42,5315	0,0298
680,0000	42,5941	0,0301
681,0000	42,6567	0,0301
682,0000	42,7194	0,0299
683,0000	42,7820	0,0296
684,0000	42,8446	0,0298
685,0000	42,9073	0,0301
686,0000	42,9699	0,0303
687,0000	43,0326	0,0297
688,0000	43,0952	0,0298
689,0000	43,1578	0,0301
690,0000	43,2205	0,0298
691,0000	43,2831	0,0296
692,0000	43,3458	0,0298
693,0000	43,4084	0,0298
694,0000	43,4710	0,0296
695,0000	43,5337	0,0298
696,0000	43,5963	0,0297
697,0000	43,6589	0,0303
698,0000	43,7216	0,0302
699,0000	43,7842	0,0303
700,0000	43,8469	0,0307
701,0000	43,9095	0,0307
702,0000	43,9721	0,0312
703,0000	44,0348	0,0311
704,0000	44,0974	0,0315
705,0000	44,1601	0,0314
706,0000	44,2227	0,0318
707,0000	44,2853	0,0316
708,0000	44,3480	0,0321
709,0000	44,4106	0,0311
710,0000	44,4732	0,0310
711,0000	44,5359	0,0301
712,0000	44,5985	0,0302
713,0000	44,6612	0,0303
714,0000	44,7238	0,0302
715,0000	44,7864	0,0301
716,0000	44,8491	0,0302
717,0000	44,9117	0,0311
718,0000	44,9744	0,0315
719,0000	45,0370	0,0312
720,0000	45,0996	0,0316
721,0000	45,1623	0,0321
722,0000	45,2249	0,0318
723,0000	45,2875	0,0319
724,0000	45,3502	0,0323
725,0000	45,4128	0,0321
726,0000	45,4755	0,0312
727,0000	45,5381	0,0328
728,0000	45,6007	0,0323
729,0000	45,6634	0,0325
730,0000	45,7260	0,0320
731,0000	45,7886	0,0324
732,0000	45,8513	0,0320
733,0000	45,9139	0,0323
734,0000	45,9766	0,0320
735,0000	46,0392	0,0314
736,0000	46,1018	0,0318
737,0000	46,1645	0,0305
738,0000	46,2271	0,0305
739,0000	46,2898	0,0301
740,0000	46,3524	0,0305
741,0000	46,4150	0,0307
742,0000	46,4777	0,0316
743,0000	46,5403	0,0318
744,0000	46,6029	0,0328
745,0000	46,6656	0,0325
746,0000	46,7282	0,0320
747,0000	46,7909	0,0319
748,0000	46,8535	0,0314
749,0000	46,9161	0,0312
750,0000	46,9788	0,0315
751,0000	47,0414	0,0316
752,0000	47,1041	0,0314
753,0000	47,1667	0,0307
754,0000	47,2293	0,0314
755,0000	47,2920	0,0324
756,0000	47,3546	0,0314
757,0000	47,4172	0,0321
758,0000	47,4799	0,0318
759,0000	47,5425	0,0301
760,0000	47,6052	0,0298
761,0000	47,6678	0,0299
762,0000	47,7304	0,0301
763,0000	47,7931	0,0314
764,0000	47,8557	0,0320
765,0000	47,9184	0,0334
766,0000	47,9810	0,0329
767,0000	48,0436	0,0327
768,0000	48,1063	0,0315
769,0000	48,1689	0,0302
770,0000	48,2315	0,0315
771,0000	48,2942	0,0324
772,0000	48,3568	0,0341
773,0000	48,4195	0,0352
774,0000	48,4821	0,0373
775,0000	48,5447	0,0396
776,0000	48,6074	0,0403
777,0000	48,6700	0,0383
778,0000	48,7327	0,0377
779,0000	48,7953	0,0383
780,0000	48,8579	0,0409
781,0000	48,9206	0,0406
782,0000	48,9832	0,0390
783,0000	49,0458	0,0421
784,0000	49,1085	0,0466
785,0000	49,1711	0,0441
786,0000	49,2338	0,0422
787,0000	49,2964	0,0480
788,0000	49,3590	0,0553
789,0000	49,4217	0,0620
790,0000	49,4843	0,0775
791,0000	49,5470	0,0982
792,0000	49,6096	0,1234
793,0000	49,6722	0,1692
794,0000	49,7349	0,2392
795,0000	49,7975	0,3131
796,0000	49,8601	0,4073
797,0000	49,9228	0,5354
798,0000	49,9854	0,7020
799,0000	50,0481	0,8817
800,0000	50,1107	1,0603
801,0000	50,1733	1,2218
802,0000	50,2360	1,3730
803,0000	50,2986	1,5118
804,0000	50,3613	1,6320
805,0000	50,4239	1,7271
806,0000	50,4865	1,7905
807,0000	50,5492	1,7986
808,0000	50,6118	1,7527
809,0000	50,6744	1,6587
810,0000	50,7371	1,5222
811,0000	50,7997	1,3734
812,0000	50,8624	1,2134
813,0000	50,9250	1,0568
814,0000	50,9876	0,9068
815,0000	51,0503	0,7664
816,0000	51,1129	0,6419
817,0000	51,1755	0,5228
818,0000	51,2382	0,3962
819,0000	51,3008	0,2732
820,0000	51,3635	0,1829
821,0000	51,4261	0,1345
822,0000	51,4887	0,1090
823,0000	51,5514	0,0855
824,0000	51,6140	0,0634
825,0000	51,6767	0,0471
826,0000	51,7393	0,0409
827,0000	51,8019	0,0406
828,0000	51,8646	0,0396
829,0000	51,9272	0,0382
830,0000	51,9898	0,0372
831,0000	52,0525	0,0365
832,0000	52,1151	0,0375
833,0000	52,1778	0,0382
834,0000	52,2404	0,0375
835,0000	52,3030	0,0370
836,0000	52,3657	0,0373
837,0000	52,4283	0,0372
838,0000	52,4910	0,0375
839,0000	52,5536	0,0392
840,0000	52,6162	0,0383
841,0000	52,6789	0,0365
842,0000	52,7415	0,0363
843,0000	52,8041	0,0372
844,0000	52,8668	0,0373
845,0000	52,9294	0,0365
846,0000	52,9921	0,0357
847,0000	53,0547	0,0368
848,0000	53,1173	0,0375
849,0000	53,1800	0,0356
850,0000	53,2426	0,0338
851,0000	53,3053	0,0341
852,0000	53,3679	0,0341
853,0000	53,4305	0,0333
854,0000	53,4932	0,0338
855,0000	53,5558	0,0343
856,0000	53,6184	0,0347
857,0000	53,6811	0,0350
858,0000	53,7437	0,0346
859,0000	53,8064	0,0352
860,0000	53,8690	0,0359
861,0000	53,9316	0,0355
862,0000	53,9943	0,0361
863,0000	54,0569	0,0354
864,0000	54,1196	0,0347
865,0000	54,1822	0,0346
866,0000	54,2448	0,0345
867,0000	54,3075	0,0338
868,0000	54,3701	0,0347
869,0000	54,4327	0,0352
870,0000	54,4954	0,0351
871,0000	54,5580	0,0348
872,0000	54,6207	0,0345
873,0000	54,6833	0,0354
874,0000	54,7459	0,0351
875,0000	54,8086	0,0352
876,0000	54,8712	0,0356
877,0000	54,9339	0,0345
878,0000	54,9965	0,0345
879,0000	55,0591	0,0341
880,0000	55,1218	0,0337
881,0000	55,1844	0,0336
882,0000	55,2470	0,0332
883,0000	55,3097	0,0329
884,0000	55,3723	0,0329
885,0000	55,4350	0,0327
886,0000	55,4976	0,0333
887,0000	55,5602	0,0325
888,0000	55,6229	0,0328
889,0000	55,6855	0,0333
890,0000	55,7482	0,0334
891,0000	55,8108	0,0337
892,0000	55,8734	0,0330
893,0000	55,9361	0,0329
894,0000	55,9987	0,0336
895,0000	56,0613	0,0342
896,0000	56,1240	0,0339
897,0000	56,1866	0,0346
898,0000	56,2493	0,0334
899,0000	56,3119	0,0337
900,0000	56,3745	0,0338
901,0000	56,4372	0,0333
902,0000	56,4998	0,0327
903,0000	56,5624	0,0336
904,0000	56,6251	0,0342
905,0000	56,6877	0,0348
906,0000	56,7504	0,0357
907,0000	56,8130	0,0356
908,0000	56,8756	0,0365
909,0000	56,9383	0,0361
910,0000	57,0009	0,0356
911,0000	57,0636	0,0365
912,0000	57,1262	0,0360
913,0000	57,1888	0,0350
914,0000	57,2515	0,0363
915,0000	57,3141	0,0372
916,0000	57,3767	0,0368
917,0000	57,4394	0,0374
918,0000	57,5020	0,0383
919,0000	57,5647	0,0390
920,0000	57,6273	0,0382
921,0000	57,6899	0,0375
922,0000	57,7526	0,0384
923,0000	57,8152	0,0406
924,0000	57,8779	0,0399
925,0000	57,9405	0,0410
926,0000	58,0031	0,0412
927,0000	58,0658	0,0403
928,0000	58,1284	0,0422
929,0000	58,1910	0,0406
930,0000	58,2537	0,0408
931,0000	58,3163	0,0399
932,0000	58,3790	0,0384
933,0000	58,4416	0,0377
934,0000	58,5042	0,0384
935,0000	58,5669	0,0361
936,0000	58,6295	0,0373
937,0000	58,6922	0,0355
938,0000	58,7548	0,0355
939,0000	58,8174	0,0359
940,0000	58,8801	0,0351
941,0000	58,9427	0,0343
942,0000	59,0053	0,0333
943,0000	59,0680	0,0330
944,0000	59,1306	0,0346
945,0000	59,1933	0,0360
946,0000	59,2559	0,0369
947,0000	59,3185	0,0409
948,0000	59,3812	0,0435
949,0000	59,4438	0,0433
950,0000	59,5065	0,0460
951,0000	59,5691	0,0404
952,0000	59,6317	0,0418
953,0000	59,6944	0,0400
954,0000	59,7570	0,0428
955,0000	59,8196	0,0418
956,0000	59,8823	0,0436
957,0000	59,9449	0,0451
958,0000	60,0076	0,0446
959,0000	60,0702	0,0430
960,0000	60,1328	0,0404
961,0000	60,1955	0,0359
962,0000	60,2581	0,0360
963,0000	60,3208	0,0360
964,0000	60,3834	0,0395
965,0000	60,4460	0,0413
966,0000	60,5087	0,0440
967,0000	60,5713	0,0481
968,0000	60,6339	0,0478
969,0000	60,6966	0,0432
970,0000	60,7592	0,0449
971,0000	60,8219	0,0427
972,0000	60,8845	0,0436
973,0000	60,9471	0,0466
974,0000	61,0098	0,0462
975,0000	61,0724	0,0484
976,0000	61,1351	0,0565
977,0000	61,1977	0,0630
978,0000	61,2603	0,0584
979,0000	61,3230	0,0508
980,0000	61,3856	0,0535
981,0000	61,4482	0,0615
982,0000	61,5109	0,0578
983,0000	61,5735	0,0488
984,0000	61,6362	0,0485
985,0000	61,6988	0,0643
986,0000	61,7614	0,0767
987,0000	61,8241	0,0780
988,0000	61,8867	0,0818
989,0000	61,9493	0,0947
990,0000	62,0120	0,1067
991,0000	62,0746	0,1265
992,0000	62,1373	0,1867
993,0000	62,1999	0,2755
994,0000	62,2625	0,3576
995,0000	62,3252	0,4827
996,0000	62,3878	0,7344
997,0000	62,4505	1,0818
998,0000	62,5131	1,5082
999,0000	62,5757	2,0180
1000,0000	62,6384	2,6521
1001,0000	62,7010	3,3872
1002,0000	62,7636	4,1557
1003,0000	62,8263	4,9328
1004,0000	62,8889	5,6883
1005,0000	62,9516	6,3933
1006,0000	63,0142	7,0669
1007,0000	63,0768	7,6687
1008,0000	63,1395	8,1663
1009,0000	63,2021	8,4761
1010,0000	63,2648	8,5889
1011,0000	63,3274	8,5293
1012,0000	63,3900	8,2172
1013,0000	63,4527	7,6759
1014,0000	63,5153	6,9495
1015,0000	63,5779	6,1280
1016,0000	63,6406	5,2462
1017,0000	63,7032	4,4433
1018,0000	63,7659	3,7376
1019,0000	63,8285	3,1425
1020,0000	63,8911	2,5682
1021,0000	63,9538	1,9925
1022,0000	64,0164	1,4151
1023,0000	64,0791	0,9300
1024,0000	64,1417	0,6122
1025,0000	64,2043	0,4324
1026,0000	64,2670	0,2947
1027,0000	64,3296	0,1739
1028,0000	64,3922	0,0967
1029,0000	64,4549	0,0757
1030,0000	64,5175	0,0748
1031,0000	64,5802	0,0679
1032,0000	64,6428	0,0592
1033,0000	64,7054	0,0490
1034,0000	64,7681	0,0433
1035,0000	64,8307	0,0446
1036,0000	64,8934	0,0448
1037,0000	64,9560	0,0433
1038,0000	65,0186	0,0437
1039,0000	65,0813	0,0460
1040,0000	65,1439	0,0477
1041,0000	65,2065	0,0460
1042,0000	65,2692	0,0445
1043,0000	65,3318	0,0423
1044,0000	65,3945	0,0386
1045,0000	65,4571	0,0366
1046,0000	65,5197	0,0369
1047,0000	65,5824	0,0388
1048,0000	65,6450	0,0399
1049,0000	65,7077	0,0409
1050,0000	65,7703	0,0394
1051,0000	65,8329	0,0392
1052,0000	65,8956	0,0377
1053,0000	65,9582	0,0372
1054,0000	66,0208	0,0373
1055,0000	66,0835	0,0350
1056,0000	66,1461	0,0332
1057,0000	66,2088	0,0351
1058,0000	66,2714	0,0339
1059,0000	66,3340	0,0334
1060,0000	66,3967	0,0337
1061,0000	66,4593	0,0345
1062,0000	66,5220	0,0363
1063,0000	66,5846	0,0357
1064,0000	66,6472	0,0365
1065,0000	66,7099	0,0365
1066,0000	66,7725	0,0382
1067,0000	66,8351	0,0381
1068,0000	66,8978	0,0408
1069,0000	66,9604	0,0424
1070,0000	67,0231	0,0412
1071,0000	67,0857	0,0414
1072,0000	67,1483	0,0394
1073,0000	67,2110	0,0379
1074,0000	67,2736	0,0378
1075,0000	67,3362	0,0378
1076,0000	67,3989	0,0392
1077,0000	67,4615	0,0405
1078,0000	67,5242	0,0401
1079,0000	67,5868	0,0394
1080,0000	67,6494	0,0388
1081,0000	67,7121	0,0386
1082,0000	67,7747	0,0386
1083,0000	67,8374	0,0390
1084,0000	67,9000	0,0382
1085,0000	67,9626	0,0397
1086,0000	68,0253	0,0395
1087,0000	68,0879	0,0404
1088,0000	68,1505	0,0399
1089,0000	68,2132	0,0396
1090,0000	68,2758	0,0413
1091,0000	68,3385	0,0433
1092,0000	68,4011	0,0417
1093,0000	68,4637	0,0426
1094,0000	68,5264	0,0415
1095,0000	68,5890	0,0388
1096,0000	68,6517	0,0386
1097,0000	68,7143	0,0383
1098,0000	68,7769	0,0384
1099,0000	68,8396	0,0365
1100,0000	68,9022	0,0363
1101,0000	68,9648	0,0357
1102,0000	69,0275	0,0357
1103,0000	69,0901	0,0360
1104,0000	69,1528	0,0361
1105,0000	69,2154	0,0372
1106,0000	69,2780	0,0372
1107,0000	69,3407	0,0357
1108,0000	69,4033	0,0355
1109,0000	69,4660	0,0351
1110,0000	69,5286	0,0356
1111,0000	69,5912	0,0366
1112,0000	69,6539	0,0363
1113,0000	69,7165	0,0357
1114,0000	69,7791	0,0360
1115,0000	69,8418	0,0337
1116,0000	69,9044	0,0336
1117,0000	69,9671	0,0334
1118,0000	70,0297	0,0339
1119,0000	70,0923	0,0329
1120,0000	70,1550	0,0323
1121,0000	70,2176	0,0328
1122,0000	70,2803	0,0325
1123,0000	70,3429	0,0329
1124,0000	70,4055	0,0332
1125,0000	70,4682	0,0346
1126,0000	70,5308	0,0355
1127,0000	70,5934	0,0347
1128,0000	70,6561	0,0348
1129,0000	70,7187	0,0346
1130,0000	70,7814	0,0342
1131,0000	70,8440	0,0359
1132,0000	70,9066	0,0350
1133,0000	70,9693	0,0341
1134,0000	71,0319	0,0346
1135,0000	71,0946	0,0343
1136,0000	71,1572	0,0347
1137,0000	71,2198	0,0359
1138,0000	71,2825	0,0336
1139,0000	71,3451	0,0348
1140,0000	71,4077	0,0337
1141,0000	71,4704	0,0338
1142,0000	71,5330	0,0330
1143,0000	71,5957	0,0333
1144,0000	71,6583	0,0327
1145,0000	71,7209	0,0319
1146,0000	71,7836	0,0316
1147,0000	71,8462	0,0320
1148,0000	71,9089	0,0316
1149,0000	71,9715	0,0325
1150,0000	72,0341	0,0329
1151,0000	72,0968	0,0330
1152,0000	72,1594	0,0336
1153,0000	72,2220	0,0334
1154,0000	72,2847	0,0334
1155,0000	72,3473	0,0336
1156,0000	72,4100	0,0334
1157,0000	72,4726	0,0351
1158,0000	72,5352	0,0338
1159,0000	72,5979	0,0365
1160,0000	72,6605	0,0356
1161,0000	72,7231	0,0347
1162,0000	72,7858	0,0356
1163,0000	72,8484	0,0339
1164,0000	72,9111	0,0339
1165,0000	72,9737	0,0346
1166,0000	73,0363	0,0348
1167,0000	73,0990	0,0361
1168,0000	73,1616	0,0366
1169,0000	73,2243	0,0365
1170,0000	73,2869	0,0361
1171,0000	73,3495	0,0364
1172,0000	73,4122	0,0355
1173,0000	73,4748	0,0355
1174,0000	73,5374	0,0364
1175,0000	73,6001	0,0370
1176,0000	73,6627	0,0375
1177,0000	73,7254	0,0388
1178,0000	73,7880	0,0410
1179,0000	73,8506	0,0412
1180,0000	73,9133	0,0387
1181,0000	73,9759	0,0366
1182,0000	74,0386	0,0370
1183,0000	74,1012	0,0394
1184,0000	74,1638	0,0397
1185,0000	74,2265	0,0377
1186,0000	74,2891	0,0372
1187,0000	74,3517	0,0399
1188,0000	74,4144	0,0415
1189,0000	74,4770	0,0405
1190,0000	74,5397	0,0423
1191,0000	74,6023	0,0446
1192,0000	74,6649	0,0430
1193,0000	74,7276	0,0442
1194,0000	74,7902	0,0520
1195,0000	74,8529	0,0624
1196,0000	74,9155	0,0717
1197,0000	74,9781	0,0921
1198,0000	75,0408	0,1291
1199,0000	75,1034	0,1765
1200,0000	75,1660	0,2427
1201,0000	75,2287	0,3238
1202,0000	75,2913	0,4176
1203,0000	75,3540	0,5326
1204,0000	75,4166	0,6738
1205,0000	75,4792	0,8163
1206,0000	75,5419	0,9537
1207,0000	75,6045	1,0893
1208,0000	75,6672	1,2289
1209,0000	75,7298	1,3526
1210,0000	75,7924	1,4644
1211,0000	75,8551	1,5480
1212,0000	75,9177	1,5907
1213,0000	75,9803	1,6039
1214,0000	76,0430	1,5668
1215,0000	76,1056	1,4917
1216,0000	76,1683	1,3832
1217,0000	76,2309	1,2478
1218,0000	76,2935	1,0998
1219,0000	76,3562	0,9528
1220,0000	76,4188	0,8191
1221,0000	76,4815	0,6953
1222,0000	76,5441	0,5751
1223,0000	76,6067	0,4607
1224,0000	76,6694	0,3457
1225,0000	76,7320	0,2508
1226,0000	76,7946	0,1766
1227,0000	76,8573	0,1294
1228,0000	76,9199	0,0995
1229,0000	76,9826	0,0744
1230,0000	77,0452	0,0506
1231,0000	77,1078	0,0390
1232,0000	77,1705	0,0384
1233,0000	77,2331	0,0400
1234,0000	77,2958	0,0386
1235,0000	77,3584	0,0364
1236,0000	77,4210	0,0346
1237,0000	77,4837	0,0334
1238,0000	77,5463	0,0329
1239,0000	77,6089	0,0334
1240,0000	77,6716	0,0329
1241,0000	77,7342	0,0325
1242,0000	77,7969	0,0333
1243,0000	77,8595	0,0328
1244,0000	77,9221	0,0315
1245,0000	77,9848	0,0319
1246,0000	78,0474	0,0320
1247,0000	78,1100	0,0307
1248,0000	78,1727	0,0310
1249,0000	78,2353	0,0315
1250,0000	78,2980	0,0306
1251,0000	78,3606	0,0303
1252,0000	78,4232	0,0312
1253,0000	78,4859	0,0312
1254,0000	78,5485	0,0306
1255,0000	78,6112	0,0309
1256,0000	78,6738	0,0320
1257,0000	78,7364	0,0320
1258,0000	78,7991	0,0309
1259,0000	78,8617	0,0310
1260,0000	78,9243	0,0316
1261,0000	78,9870	0,0314
1262,0000	79,0496	0,0311
1263,0000	79,1123	0,0312
1264,0000	79,1749	0,0307
1265,0000	79,2375	0,0310
1266,0000	79,3002	0,0306
1267,0000	79,3628	0,0315
1268,0000	79,4255	0,0310
1269,0000	79,4881	0,0316
1270,0000	79,5507	0,0306
1271,0000	79,6134	0,0316
1272,0000	79,6760	0,0320
1273,0000	79,7386	0,0328
1274,0000	79,8013	0,0329
1275,0000	79,8639	0,0324
1276,0000	79,9266	0,0324
1277,0000	79,9892	0,0320
1278,0000	80,0518	0,0324
1279,0000	80,1145	0,0327
1280,0000	80,1771	0,0325
1281,0000	80,2398	0,0325
1282,0000	80,3024	0,0320
1283,0000	80,3650	0,0323
1284,0000	80,4277	0,0318
1285,0000	80,4903	0,0309
1286,0000	80,5529	0,0315
1287,0000	80,6156	0,0315
1288,0000	80,6782	0,0321
1289,0000	80,7409	0,0329
1290,0000	80,8035	0,0320
1291,0000	80,8661	0,0325
1292,0000	80,9288	0,0315
1293,0000	80,9914	0,0312
1294,0000	81,0541	0,0315
1295,0000	81,1167	0,0314
1296,0000	81,1793	0,0316
1297,0000	81,2420	0,0316
1298,0000	81,3046	0,0315
1299,0000	81,3672	0,0312
1300,0000	81,4299	0,0309
1301,0000	81,4925	0,0312
1302,0000	81,5552	0,0312
1303,0000	81,6178	0,0306
1304,0000	81,6804	0,0311
1305,0000	81,7431	0,0307
1306,0000	81,8057	0,0306
1307,0000	81,8684	0,0307
1308,0000	81,9310	0,0306
1309,0000	81,9936	0,0305
1310,0000	82,0563	0,0301
1311,0000	82,1189	0,0310
1312,0000	82,1815	0,0307
1313,0000	82,2442	0,0309
1314,0000	82,3068	0,0305
1315,0000	82,3695	0,0305
1316,0000	82,4321	0,0302
1317,0000	82,4947	0,0299
1318,0000	82,5574	0,0296
1319,0000	82,6200	0,0297
1320,0000	82,6827	0,0292
1321,0000	82,7453	0,0296
1322,0000	82,8079	0,0299
1323,0000	82,8706	0,0290
1324,0000	82,9332	0,0293
1325,0000	82,9958	0,0289
1326,0000	83,0585	0,0294
1327,0000	83,1211	0,0294
1328,0000	83,1838	0,0294
1329,0000	83,2464	0,0296
1330,0000	83,3090	0,0301
1331,0000	83,3717	0,0298
1332,0000	83,4343	0,0302
1333,0000	83,4969	0,0302
1334,0000	83,5596	0,0301
1335,0000	83,6222	0,0303
1336,0000	83,6849	0,0299
1337,0000	83,7475	0,0301
1338,0000	83,8101	0,0298
1339,0000	83,8728	0,0303
1340,0000	83,9354	0,0303
1341,0000	83,9981	0,0301
1342,0000	84,0607	0,0303
1343,0000	84,1233	0,0297
1344,0000	84,1860	0,0303
1345,0000	84,2486	0,0298
1346,0000	84,3112	0,0293
1347,0000	84,3739	0,0299
1348,0000	84,4365	0,0297
1349,0000	84,4992	0,0296
1350,0000	84,5618	0,0301
1351,0000	84,6244	0,0294
1352,0000	84,6871	0,0297
1353,0000	84,7497	0,0301
1354,0000	84,8124	0,0299
1355,0000	84,8750	0,0296
1356,0000	84,9376	0,0298
1357,0000	85,0003	0,0296
1358,0000	85,0629	0,0292
1359,0000	85,1255	0,0292
1360,0000	85,1882	0,0296
1361,0000	85,2508	0,0296
1362,0000	85,3135	0,0294
1363,0000	85,3761	0,0294
1364,0000	85,4387	0,0294
1365,0000	85,5014	0,0292
1366,0000	85,5640	0,0292
1367,0000	85,6267	0,0294
1368,0000	85,6893	0,0301
1369,0000	85,7519	0,0298
1370,0000	85,8146	0,0297
1371,0000	85,8772	0,0299
1372,0000	85,9398	0,0297
1373,0000	86,0025	0,0296
1374,0000	86,0651	0,0294
1375,0000	86,1278	0,0294
1376,0000	86,1904	0,0294
1377,0000	86,2530	0,0299
1378,0000	86,3157	0,0301
1379,0000	86,3783	0,0297
1380,0000	86,4410	0,0298
1381,0000	86,5036	0,0297
1382,0000	86,5662	0,0298
1383,0000	86,6289	0,0296
1384,0000	86,6915	0,0298
1385,0000	86,7541	0,0299
1386,0000	86,8168	0,0299
1387,0000	86,8794	0,0296
1388,0000	86,9421	0,0298
1389,0000	87,0047	0,0301
1390,0000	87,0673	0,0293
1391,0000	87,1300	0,0292
1392,0000	87,1926	0,0297
1393,0000	87,2553	0,0299
1394,0000	87,3179	0,0302
1395,0000	87,3805	0,0298
1396,0000	87,4432	0,0297
1397,0000	87,5058	0,0294
1398,0000	87,5684	0,0302
1399,0000	87,6311	0,0311
1400,0000	87,6937	0,0319
1401,0000	87,7564	0,0316
1402,0000	87,8190	0,0325
1403,0000	87,8816	0,0350
1404,0000	87,9443	0,0382
1405,0000	88,0069	0,0399
1406,0000	88,0696	0,0431
1407,0000	88,1322	0,0475
1408,0000	88,1948	0,0524
1409,0000	88,2575	0,0570
1410,0000	88,3201	0,0618
1411,0000	88,3827	0,0679
1412,0000	88,4454	0,0724
1413,0000	88,5080	0,0785
1414,0000	88,5707	0,0825
1415,0000	88,6333	0,0847
1416,0000	88,6959	0,0851
1417,0000	88,7586	0,0842
1418,0000	88,8212	0,0815
1419,0000	88,8838	0,0793
1420,0000	88,9465	0,0752
1421,0000	89,0091	0,0709
1422,0000	89,0718	0,0655
1423,0000	89,1344	0,0596
1424,0000	89,1970	0,0545
1425,0000	89,2597	0,0508
1426,0000	89,3223	0,0473
1427,0000	89,3850	0,0436
1428,0000	89,4476	0,0392
1429,0000	89,5102	0,0357
1430,0000	89,5729	0,0330
1431,0000	89,6355	0,0312
1432,0000	89,6981	0,0301
1433,0000	89,7608	0,0298
1434,0000	89,8234	0,0297
1435,0000	89,8861	0,0290
1436,0000	89,9487	0,0292
1437,0000	90,0113	0,0290
1438,0000	90,0740	0,0294
1439,0000	90,1366	0,0284
1440,0000	90,1993	0,0288
1441,0000	90,2619	0,0287
1442,0000	90,3245	0,0283
1443,0000	90,3872	0,0289
1444,0000	90,4498	0,0287
1445,0000	90,5124	0,0289
1446,0000	90,5751	0,0289
1447,0000	90,6377	0,0289
1448,0000	90,7004	0,0288
1449,0000	90,7630	0,0287
1450,0000	90,8256	0,0289
1451,0000	90,8883	0,0284
1452,0000	90,9509	0,0287
1453,0000	91,0136	0,0285
1454,0000	91,0762	0,0294
1455,0000	91,1388	0,0293
1456,0000	91,2015	0,0293
1457,0000	91,2641	0,0290
1458,0000	91,3267	0,0289
1459,0000	91,3894	0,0288
1460,0000	91,4520	0,0290
1461,0000	91,5147	0,0290
1462,0000	91,5773	0,0293
1463,0000	91,6399	0,0296
1464,0000	91,7026	0,0296
1465,0000	91,7652	0,0296
1466,0000	91,8279	0,0293
1467,0000	91,8905	0,0290
1468,0000	91,9531	0,0292
1469,0000	92,0158	0,0285
1470,0000	92,0784	0,0290
1471,0000	92,1410	0,0290
1472,0000	92,2037	0,0289
1473,0000	92,2663	0,0285
1474,0000	92,3290	0,0289
1475,0000	92,3916	0,0283
1476,0000	92,4542	0,0285
1477,0000	92,5169	0,0285
1478,0000	92,5795	0,0289
1479,0000	92,6422	0,0289
1480,0000	92,7048	0,0285
1481,0000	92,7674	0,0285
1482,0000	92,8301	0,0285
1483,0000	92,8927	0,0285
1484,0000	92,9553	0,0284
1485,0000	93,0180	0,0284
1486,0000	93,0806	0,0284
1487,0000	93,1433	0,0279
1488,0000	93,2059	0,0283
1489,0000	93,2685	0,0284
1490,0000	93,3312	0,0281
1491,0000	93,3938	0,0283
1492,0000	93,4565	0,0285
1493,0000	93,5191	0,0284
1494,0000	93,5817	0,0284
1495,0000	93,6444	0,0285
1496,0000	93,7070	0,0284
1497,0000	93,7696	0,0287
1498,0000	93,8323	0,0289
1499,0000	93,8949	0,0284
1500,0000	93,9576	0,0283
1501,0000	94,0202	0,0284
1502,0000	94,0828	0,0285
1503,0000	94,1455	0,0281
1504,0000	94,2081	0,0284
1505,0000	94,2707	0,0283
1506,0000	94,3334	0,0283
1507,0000	94,3960	0,0285
1508,0000	94,4587	0,0288
1509,0000	94,5213	0,0285
1510,0000	94,5839	0,0283
1511,0000	94,6466	0,0284
1512,0000	94,7092	0,0285
1513,0000	94,7719	0,0285
1514,0000	94,8345	0,0283
1515,0000	94,8971	0,0283
1516,0000	94,9598	0,0280
1517,0000	95,0224	0,0284
1518,0000	95,0850	0,0281
1519,0000	95,1477	0,0285
1520,0000	95,2103	0,0280
1521,0000	95,2730	0,0283
1522,0000	95,3356	0,0281
1523,0000	95,3982	0,0285
1524,0000	95,4609	0,0280
1525,0000	95,5235	0,0284
1526,0000	95,5862	0,0278
1527,0000	95,6488	0,0283
1528,0000	95,7114	0,0284
1529,0000	95,7741	0,0287
1530,0000	95,8367	0,0281
1531,0000	95,8993	0,0281
1532,0000	95,9620	0,0281
1533,0000	96,0246	0,0279
1534,0000	96,0873	0,0280
1535,0000	96,1499	0,0283
1536,0000	96,2125	0,0280
1537,0000	96,2752	0,0284
1538,0000	96,3378	0,0281
1539,0000	96,4005	0,0287
1540,0000	96,4631	0,0281
1541,0000	96,5257	0,0288
1542,0000	96,5884	0,0283
1543,0000	96,6510	0,0285
1544,0000	96,7136	0,0287
1545,0000	96,7763	0,0281
1546,0000	96,8389	0,0284
1547,0000	96,9016	0,0287
1548,0000	96,9642	0,0287
1549,0000	97,0268	0,0288
1550,0000	97,0895	0,0290
1551,0000	97,1521	0,0288
1552,0000	97,2148	0,0287
1553,0000	97,2774	0,0281
1554,0000	97,3400	0,0280
1555,0000	97,4027	0,0285
1556,0000	97,4653	0,0284
1557,0000	97,5279	0,0283
1558,0000	97,5906	0,0284
1559,0000	97,6532	0,0283
1560,0000	97,7159	0,0289
1561,0000	97,7785	0,0281
1562,0000	97,8411	0,0281
1563,0000	97,9038	0,0284
1564,0000	97,9664	0,0283
1565,0000	98,0291	0,0280
1566,0000	98,0917	0,0285
1567,0000	98,1543	0,0283
1568,0000	98,2170	0,0279
1569,0000	98,2796	0,0283
1570,0000	98,3422	0,0281
1571,0000	98,4049	0,0287
1572,0000	98,4675	0,0284
1573,0000	98,5302	0,0285
1574,0000	98,5928	0,0290
1575,0000	98,6554	0,0294
1576,0000	98,7181	0,0293
1577,0000	98,7807	0,0294
1578,0000	98,8434	0,0297
1579,0000	98,9060	0,0303
1580,0000	98,9686	0,0299
1581,0000	99,0313	0,0301
1582,0000	99,0939	0,0310
1583,0000	99,1565	0,0316
1584,0000	99,2192	0,0316
1585,0000	99,2818	0,0318
1586,0000	99,3445	0,0314
1587,0000	99,4071	0,0316
1588,0000	99,4697	0,0305
1589,0000	99,5324	0,0303
1590,0000	99,5950	0,0299
1591,0000	99,6576	0,0292
1592,0000	99,7203	0,0293
1593,0000	99,7829	0,0297
1594,0000	99,8456	0,0299
1595,0000	99,9082	0,0302
1596,0000	99,9708	NaN
1597,0000	100,0335	NaN
1598,0000	100,0961	NaN
1599,0000	100,1588	NaN
1600,0000	100,2214	NaN
1601,0000	100,2840	NaN
1602,0000	100,3467	NaN
1603,0000	100,4093	NaN
1604,0000	100,4719	NaN
1605,0000	100,5346	NaN
1606,0000	100,5972	NaN
1607,0000	100,6599	NaN
1608,0000	100,7225	NaN
1609,0000	100,7851	NaN
1610,0000	100,8478	NaN
1611,0000	100,9104	NaN
1612,0000	100,9731	NaN
1613,0000	101,0357	NaN
1614,0000	101,0983	NaN
1615,0000	101,1610	NaN
1616,0000	101,2236	NaN
1617,0000	101,2862	NaN
1618,0000	101,3489	NaN
1619,0000	101,4115	NaN
1620,0000	101,4742	NaN
1621,0000	101,5368	NaN
1622,0000	101,5994	NaN
1623,0000	101,6621	NaN
1624,0000	101,7247	NaN
1625,0000	101,7874	NaN
1626,0000	101,8500	NaN
1627,0000	101,9126	NaN
1628,0000	101,9753	NaN
1629,0000	102,0379	NaN
1630,0000	102,1005	NaN
1631,0000	102,1632	NaN
1632,0000	102,2258	NaN
1633,0000	102,2885	NaN
1634,0000	102,3511	NaN
1635,0000	102,4137	NaN
1636,0000	102,4764	NaN
1637,0000	102,5390	NaN
1638,0000	102,6017	NaN
1639,0000	102,6643	NaN
1640,0000	102,7269	NaN
1641,0000	102,7896	NaN
1642,0000	102,8522	NaN
1643,0000	102,9148	NaN
1644,0000	102,9775	NaN
1645,0000	103,0401	NaN
1646,0000	103,1028	NaN
1647,0000	103,1654	NaN
1648,0000	103,2280	NaN
1649,0000	103,2907	NaN
1650,0000	103,3533	NaN
1651,0000	103,4160	NaN
1652,0000	103,4786	NaN
1653,0000	103,5412	NaN
1654,0000	103,6039	NaN
1655,0000	103,6665	NaN
1656,0000	103,7291	NaN
1657,0000	103,7918	NaN
1658,0000	103,8544	NaN
1659,0000	103,9171	NaN
1660,0000	103,9797	NaN
1661,0000	104,0423	NaN
1662,0000	104,1050	NaN
1663,0000	104,1676	NaN
1664,0000	104,2303	NaN
1665,0000	104,2929	NaN
1666,0000	104,3555	NaN
1667,0000	104,4182	NaN
1668,0000	104,4808	NaN
1669,0000	104,5434	NaN
1670,0000	104,6061	NaN
1671,0000	104,6687	NaN
1672,0000	104,7314	NaN
1673,0000	104,7940	NaN
1674,0000	104,8566	NaN
1675,0000	104,9193	NaN
1676,0000	104,9819	NaN
1677,0000	105,0445	NaN
1678,0000	105,1072	NaN
1679,0000	105,1698	NaN
1680,0000	105,2325	NaN
1681,0000	105,2951	NaN
1682,0000	105,3577	NaN
1683,0000	105,4204	NaN
1684,0000	105,4830	NaN
1685,0000	105,5457	NaN
1686,0000	105,6083	NaN
1687,0000	105,6709	NaN
1688,0000	105,7336	NaN
1689,0000	105,7962	NaN
1690,0000	105,8588	NaN
1691,0000	105,9215	NaN
1692,0000	105,9841	NaN
1693,0000	106,0468	NaN
1694,0000	106,1094	NaN
1695,0000	106,1720	NaN
1696,0000	106,2347	NaN
1697,0000	106,2973	NaN
1698,0000	106,3600	NaN
1699,0000	106,4226	NaN
1700,0000	106,4852	NaN
1701,0000	106,5479	NaN
1702,0000	106,6105	NaN
1703,0000	106,6731	NaN
1704,0000	106,7358	NaN
1705,0000	106,7984	NaN
1706,0000	106,8611	NaN
1707,0000	106,9237	NaN
1708,0000	106,9863	NaN
1709,0000	107,0490	NaN
1710,0000	107,1116	NaN
1711,0000	107,1743	NaN
1712,0000	107,2369	NaN
1713,0000	107,2995	NaN
1714,0000	107,3622	NaN
1715,0000	107,4248	NaN
1716,0000	107,4874	NaN
1717,0000	107,5501	NaN
1718,0000	107,6127	NaN
1719,0000	107,6754	NaN
1720,0000	107,7380	NaN
1721,0000	107,8006	NaN
1722,0000	107,8633	NaN
1723,0000	107,9259	NaN
1724,0000	107,9886	NaN
1725,0000	108,0512	NaN
1726,0000	108,1138	NaN
1727,0000	108,1765	NaN
1728,0000	108,2391	NaN
1729,0000	108,3017	NaN
1730,0000	108,3644	NaN
1731,0000	108,4270	NaN
1732,0000	108,4897	NaN
1733,0000	108,5523	NaN
1734,0000	108,6149	NaN
1735,0000	108,6776	NaN
1736,0000	108,7402	NaN
1737,0000	108,8029	NaN
1738,0000	108,8655	NaN
1739,0000	108,9281	NaN
1740,0000	108,9908	NaN
1741,0000	109,0534	NaN
1742,0000	109,1160	NaN
1743,0000	109,1787	NaN
1744,0000	109,2413	NaN
1745,0000	109,3040	NaN
1746,0000	109,3666	NaN
1747,0000	109,4292	NaN
1748,0000	109,4919	NaN
1749,0000	109,5545	NaN
1750,0000	109,6171	NaN
1751,0000	109,6798	NaN
1752,0000	109,7424	NaN
1753,0000	109,8051	NaN
1754,0000	109,8677	NaN
1755,0000	109,9303	NaN
1756,0000	109,9930	NaN
1757,0000	110,0556	NaN
1758,0000	110,1183	NaN
1759,0000	110,1809	NaN
1760,0000	110,2435	NaN
1761,0000	110,3062	NaN
1762,0000	110,3688	NaN
1763,0000	110,4314	NaN
1764,0000	110,4941	NaN
1765,0000	110,5567	NaN
1766,0000	110,6194	NaN
1767,0000	110,6820	NaN
1768,0000	110,7446	NaN
1769,0000	110,8073	NaN
1770,0000	110,8699	NaN
1771,0000	110,9326	NaN
1772,0000	110,9952	NaN
1773,0000	111,0578	NaN
1774,0000	111,1205	NaN
1775,0000	111,1831	NaN
1776,0000	111,2457	NaN
1777,0000	111,3084	NaN
1778,0000	111,3710	NaN
1779,0000	111,4337	NaN
1780,0000	111,4963	NaN
1781,0000	111,5589	NaN
1782,0000	111,6216	NaN
1783,0000	111,6842	NaN
1784,0000	111,7469	NaN
1785,0000	111,8095	NaN
1786,0000	111,8721	NaN
1787,0000	111,9348	NaN
1788,0000	111,9974	NaN
1789,0000	112,0600	NaN
1790,0000	112,1227	NaN
1791,0000	112,1853	NaN
1792,0000	112,2480	NaN
1793,0000	112,3106	NaN
1794,0000	112,3732	NaN
1795,0000	112,4359	NaN
1796,0000	112,4985	NaN
1797,0000	112,5612	NaN
1798,0000	112,6238	NaN
1799,0000	112,6864	NaN
1800,0000	112,7491	NaN
1801,0000	112,8117	NaN
1802,0000	112,8743	NaN
1803,0000	112,9370	NaN
1804,0000	112,9996	NaN
1805,0000	113,0623	NaN
1806,0000	113,1249	NaN
1807,0000	113,1875	NaN
1808,0000	113,2502	NaN
1809,0000	113,3128	NaN
1810,0000	113,3755	NaN
1811,0000	113,4381	NaN
1812,0000	113,5007	NaN
1813,0000	113,5634	NaN
1814,0000	113,6260	NaN
1815,0000	113,6886	NaN
1816,0000	113,7513	NaN
1817,0000	113,8139	NaN
1818,0000	113,8766	NaN
1819,0000	113,9392	NaN
1820,0000	114,0018	NaN
1821,0000	114,0645	NaN
1822,0000	114,1271	NaN
1823,0000	114,1898	NaN
1824,0000	114,2524	NaN
1825,0000	114,3150	NaN
1826,0000	114,3777	NaN
1827,0000	114,4403	NaN
1828,0000	114,5029	NaN
1829,0000	114,5656	NaN
1830,0000	114,6282	NaN
1831,0000	114,6909	NaN
1832,0000	114,7535	NaN
1833,0000	114,8161	NaN
1834,0000	114,8788	NaN
1835,0000	114,9414	NaN
1836,0000	115,0040	NaN
1837,0000	115,0667	NaN
1838,0000	115,1293	NaN
1839,0000	115,1920	NaN
1840,0000	115,2546	NaN
1841,0000	115,3172	NaN
1842,0000	115,3799	NaN
1843,0000	115,4425	NaN
1844,0000	115,5052	NaN
1845,0000	115,5678	NaN
1846,0000	115,6304	NaN
1847,0000	115,6931	NaN
1848,0000	115,7557	NaN
1849,0000	115,8183	NaN
1850,0000	115,8810	0,0000
